80
0 4684 0
3972 3982 1
2127 2138 2
3716 3728 5
4020 4033 8
3780 3789 1
749 758 2
4491 4504 8
188 202 3
3602 3614 9
1586 1598 6
2673 2683 2
3722 3741 7
2001 2010 5
2806 2816 8
3506 3515 5
771 783 4
3223 3231 4
1717 1730 1
2529 2535 3
2701 2711 6
2823 2839 4
3671 3683 1
1013 1022 4
4387 4396 4
3371 3385 7
4194 4205 6
2332 2349 9
1019 1028 2
3991 4002 2
3929 3937 8
2443 2455 3
1902 1912 5
2197 2207 6
478 491 10
1148 1164 10
1351 1357 10
1790 1797 8
1825 1844 9
4294 4301 2
466 482 6
2878 2889 2
328 340 5
388 411 10
4602 4612 6
885 895 10
1077 1082 1
3945 3950 5
598 604 8
3455 3467 8
2412 2427 9
4451 4468 3
3122 3133 1
1725 1740 6
4134 4153 9
4050 4060 8
3037 3047 5
676 685 7
2107 2117 1
936 947 1
3853 3865 2
2510 2520 1
2577 2587 5
558 563 4
1162 1178 7
812 825 8
4145 4159 9
1267 1277 2
2945 2960 2
3153 3166 9
1521 1528 3
2303 2309 2
1633 1639 5
1432 1447 9
2156 2169 1
4544 4559 9
2900 2909 2
97 108 3
3306 3317 8
235 246 2
0 73 82 3 39 90 72 89 92 55 23 48 93 31 42 62 38 61 81 35 91 45 43 29 43 29 98 10 95 38 59 70 57 66 35 47 67 80 67 32 66 67 8 29 12 64 76 9 28 6 61 97 56 56 46 10 32 98 23 68 55 22 45 7 9 38 14 3 41 9 24 29 26 51 44 18 37 97 39 40
22 0 1 47 7 19 91 69 6 15 72 85 39 72 56 53 43 40 21 21 8 43 54 46 78 68 16 56 11 13 66 12 56 54 17 96 29 59 33 23 76 70 70 31 25 2 94 40 18 24 85 88 74 89 70 44 19 52 91 84 5 44 48 48 78 84 82 86 58 17 99 82 93 81 58 12 60 93 32 92
11 46 0 30 43 79 64 90 5 36 74 80 34 7 49 51 97 42 98 95 4 30 96 90 99 15 25 50 97 5 70 15 76 93 46 29 57 17 61 93 79 1 27 61 71 60 39 13 67 11 53 35 67 40 95 46 62 77 91 97 60 73 5 93 13 40 62 50 96 94 19 6 91 80 29 35 12 19 51 66
30 72 32 0 38 72 14 34 29 93 51 96 4 2 81 35 53 86 44 45 76 48 31 66 47 16 8 27 55 69 20 31 71 95 47 86 95 23 31 7 17 44 31 38 1 57 92 23 36 38 63 18 60 89 46 54 49 78 66 88 55 92 98 41 75 18 72 41 1 48 52 99 48 81 62 1 18 46 83 25
84 60 40 57 0 16 77 69 46 50 30 40 55 52 47 37 11 16 63 36 28 19 54 48 58 1 87 41 65 33 10 23 14 22 50 5 33 73 22 81 1 4 43 33 44 90 61 59 26 51 18 1 30 15 49 16 6 88 48 82 85 72 7 15 91 71 47 60 72 6 57 12 38 42 22 93 50 44 50 17
61 36 11 20 8 0 5 36 49 23 91 20 98 44 28 24 70 11 7 27 55 3 14 42 75 12 71 95 30 11 50 55 18 7 27 63 25 19 25 8 85 81 11 85 28 64 64 27 21 97 38 67 11 80 77 28 43 55 2 55 71 8 9 83 91 60 9 74 89 3 99 89 74 50 23 47 33 62 88 68
62 79 42 11 56 41 0 47 53 86 1 97 41 8 64 90 25 2 29 73 60 58 16 47 71 94 55 58 99 74 6 65 78 74 93 95 18 21 58 11 7 4 28 33 27 6 26 55 40 61 38 11 74 28 62 60 69 26 73 95 57 34 82 93 84 29 16 25 73 57 75 68 34 17 58 51 59 5 44 63
5 5 98 3 47 75 83 0 12 93 37 83 93 1 21 10 81 46 74 39 16 14 51 77 83 7 52 65 56 5 32 83 16 56 37 17 47 6 58 23 91 53 93 15 82 56 70 14 35 90 63 65 98 51 61 70 2 46 18 71 22 20 49 19 90 99 42 6 41 80 22 57 17 95 22 44 89 81 60 94
29 77 93 87 6 57 89 20 0 28 52 49 25 21 31 52 80 48 65 98 87 33 25 80 20 30 73 73 68 69 96 43 8 58 34 68 51 10 46 61 17 76 69 96 87 86 19 69 47 96 12 69 34 80 46 32 64 30 36 69 33 76 11 85 35 55 9 36 34 91 6 80 33 93 15 15 14 40 59 46
54 50 84 57 26 50 6 36 79 0 39 70 38 96 58 1 18 87 15 39 71 8 64 65 80 2 48 59 48 48 70 45 33 70 18 62 49 25 68 89 88 43 41 84 98 24 35 13 79 93 34 9 53 39 56 62 79 94 60 26 42 35 19 40 79 95 5 26 37 67 15 8 74 70 1 71 64 11 90 91
77 12 76 60 91 22 66 45 78 80 0 15 17 81 6 19 96 69 22 8 73 39 96 73 34 87 36 47 5 6 44 60 28 85 42 16 34 63 13 72 29 3 87 76 59 55 89 38 69 74 59 38 33 45 10 50 6 57 18 20 73 25 85 97 99 41 41 85 99 45 99 63 32 46 90 33 87 59 69 56
60 10 73 76 22 86 67 17 17 3 44 0 20 20 52 79 19 59 46 28 31 44 76 16 19 70 45 40 55 21 29 13 48 95 26 38 75 99 60 3 45 66 82 37 70 91 63 33 69 64 10 93 33 87 47 80 2 71 68 25 28 76 33 52 78 9 3 66 74 67 33 50 10 10 45 68 34 56 92 63
19 94 30 76 44 46 93 11 57 57 18 88 0 8 42 82 47 86 42 6 26 22 54 35 36 8 15 87 29 27 32 12 57 35 15 71 78 60 30 55 83 73 34 30 97 28 27 88 48 13 29 66 39 20 70 84 35 10 86 46 52 41 57 25 24 38 1 61 29 69 24 53 3 34 73 1 78 46 64 77
3 46 56 92 24 67 97 17 48 97 89 7 37 0 32 67 91 44 28 11 57 27 30 84 91 74 36 62 66 78 12 30 12 80 32 86 88 68 17 56 27 96 36 13 75 53 46 19 45 2 30 38 27 91 4 65 54 35 98 49 8 43 74 52 1 2 7 28 70 26 83 95 49 23 13 23 17 48 9 83
42 34 50 38 37 20 23 61 96 88 80 77 29 13 0 85 53 68 38 68 38 12 93 59 49 70 6 12 49 36 98 13 48 9 32 34 48 82 94 25 83 19 28 75 93 22 41 83 98 1 34 13 30 25 45 24 20 21 57 74 46 66 65 48 20 13 39 28 69 35 37 17 68 13 87 81 90 68 72 45
34 33 76 59 43 8 74 23 60 88 59 43 8 5 15 0 78 49 16 32 60 66 97 68 38 96 15 1 28 2 13 64 36 41 35 43 4 70 21 46 60 40 21 32 89 42 18 77 79 7 85 41 53 86 58 99 9 79 60 17 45 13 89 38 84 86 74 60 33 7 16 47 95 41 67 58 98 72 84 75
30 71 46 30 27 75 8 14 39 79 75 31 95 85 49 1 0 77 70 79 11 92 5 9 13 43 89 8 98 82 87 17 33 74 52 45 49 45 11 4 23 65 77 73 29 1 86 84 44 37 8 88 16 37 29 92 19 9 24 66 59 25 78 67 49 30 48 62 11 68 69 16 98 4 40 49 28 70 25 68
95 89 13 11 95 18 75 80 27 67 39 66 29 3 64 17 93 0 99 75 79 63 3 80 47 92 21 21 68 55 71 31 95 60 77 41 23 74 37 2 95 19 7 24 40 51 28 99 46 22 15 9 97 53 19 44 17 41 17 29 23 53 30 86 1 18 19 23 43 45 5 9 25 65 60 23 10 42 77 38
14 34 42 93 91 97 14 24 80 65 1 20 50 23 20 61 53 81 0 93 8 93 46 53 59 1 27 50 86 96 91 31 4 9 29 33 70 65 60 89 6 72 27 56 25 22 75 41 19 14 50 14 66 8 17 84 19 60 49 5 96 13 36 49 53 71 76 28 18 16 48 11 14 22 8 94 45 16 97 44
81 72 81 34 3 2 62 47 66 52 48 84 57 11 82 80 73 58 7 0 14 35 92 89 73 19 30 58 61 78 91 45 98 27 99 41 98 94 64 64 97 14 70 81 85 96 87 92 14 85 92 63 55 41 25 80 60 72 74 50 11 22 46 81 50 66 45 78 50 62 95 92 40 62 2 92 29 31 73 63
35 98 5 74 51 21 93 11 50 54 93 93 77 10 90 75 28 97 51 85 0 46 88 37 92 62 97 77 44 57 29 94 4 18 46 6 94 58 83 31 33 51 10 80 99 94 65 61 49 61 8 77 17 24 89 47 26 18 5 70 42 61 65 40 55 66 21 7 57 17 39 77 17 27 24 61 7 81 85 10
42 1 3 44 14 20 6 47 1 96 14 66 8 41 67 68 12 48 18 69 12 0 88 14 90 36 93 90 95 71 23 86 48 24 86 68 42 68 66 79 72 49 5 64 52 76 94 87 16 81 25 94 12 77 48 15 93 29 70 17 25 25 64 73 92 41 61 45 94 62 9 2 53 79 17 15 33 38 15 76
24 96 35 36 37 83 1 33 75 78 51 83 42 87 60 38 5 94 28 59 69 89 0 6 39 16 43 95 3 66 10 13 90 13 2 11 49 59 49 39 21 1 49 12 69 80 61 10 76 98 35 52 43 5 49 13 15 40 20 2 91 28 47 72 41 11 13 85 6 33 96 28 61 78 37 68 41 96 16 21
90 13 54 95 97 12 44 50 28 16 12 73 6 18 9 10 52 98 85 67 46 22 71 0 49 61 50 19 1 78 60 2 61 37 78 79 14 3 54 46 5 33 43 44 90 75 11 35 40 6 14 27 49 76 75 54 61 51 82 98 77 4 55 44 56 7 1 61 65 87 55 27 81 75 64 31 19 78 45 50
99 89 31 7 13 80 70 20 57 71 70 32 82 27 60 82 63 89 2 26 89 8 75 28 0 83 81 13 61 97 2 58 33 51 14 57 19 17 94 63 35 56 47 11 82 91 17 91 19 7 30 65 33 83 53 32 3 96 5 34 69 68 45 68 31 23 87 49 34 88 95 58 83 63 72 43 11 28 80 82
99 83 30 37 2 93 15 28 39 96 37 15 73 5 11 98 67 81 58 41 97 61 70 2 2 0 64 81 34 23 40 16 82 68 21 6 36 61 91 33 83 35 81 23 31 27 36 76 32 77 42 81 56 76 45 90 1 59 94 39 69 38 26 64 14 62 25 3 86 58 66 10 55 52 41 99 22 96 92 75
28 61 39 4 6 40 44 73 55 37 28 43 42 14 19 61 41 4 22 46 61 87 44 34 82 53 0 79 3 26 23 29 13 75 45 85 20 77 61 86 95 40 92 63 62 60 18 91 37 2 54 74 57 12 56 91 58 54 34 8 52 42 2 31 45 68 21 18 15 92 63 55 98 96 46 92 33 63 39 69
77 39 6 62 37 39 76 19 13 51 59 34 50 11 4 61 21 46 3 27 41 91 17 51 33 21 14 0 22 25 48 24 17 89 42 79 87 64 51 38 92 45 26 32 87 28 36 4 30 6 67 73 5 56 41 88 68 63 22 79 91 7 47 15 74 79 58 10 37 31 10 62 28 77 88 11 43 6 62 84
44 90 45 47 26 74 71 99 25 53 65 59 67 10 94 20 90 51 7 3 36 18 69 91 11 67 64 15 0 60 81 45 89 4 83 15 47 11 70 70 98 97 15 90 62 50 54 14 19 53 77 16 19 3 56 13 94 23 52 61 50 6 87 4 62 60 45 38 17 90 9 75 61 1 57 15 74 51 49 68
39 85 9 73 28 19 24 60 26 30 90 69 94 34 89 95 2 25 13 23 18 53 11 72 58 21 60 13 17 0 48 55 81 44 91 59 23 14 70 81 27 76 57 51 79 22 18 11 15 84 52 46 10 78 8 53 81 73 84 6 33 12 91 85 7 31 58 32 72 58 82 59 90 48 78 83 47 12 69 63
94 87 79 13 51 81 22 77 89 5 96 14 40 20 25 56 3 52 85 34 42 78 67 30 2 47 6 16 62 63 0 11 21 45 16 25 37 43 15 68 69 71 56 1 63 77 90 5 26 60 3 7 83 39 24 29 59 45 24 64 49 89 31 17 85 84 18 27 39 62 58 93 80 3 22 15 56 55 27 77
51 98 33 89 35 13 74 28 10 79 3 11 38 71 37 48 4 87 3 1 60 10 89 89 63 45 55 52 12 55 80 0 32 96 72 69 94 69 97 29 76 19 9 83 78 8 65 65 9 39 37 77 8 78 31 99 23 11 51 12 74 61 73 4 45 49 65 28 23 67 70 65 13 51 78 81 47 85 65 82
28 23 11 8 45 47 55 28 57 12 32 49 90 93 15 27 83 95 82 56 6 66 53 15 25 6 49 49 3 17 73 54 0 1 89 91 31 23 11 31 60 29 95 46 96 91 32 40 65 49 12 73 50 66 82 8 47 87 22 98 73 8 69 93 67 87 20 15 63 59 47 76 26 20 84 78 58 12 40 47
64 25 6 36 96 24 27 90 64 50 15 86 42 80 84 97 1 17 43 84 92 30 97 49 42 23 94 85 2 70 56 71 28 0 40 5 74 3 27 29 52 42 12 17 49 37 68 27 77 5 85 38 49 50 61 80 1 6 13 93 95 44 5 69 94 72 89 15 32 10 93 98 1 17 23 49 10 87 15 29
96 65 83 18 26 96 4 39 19 99 36 84 8 59 75 68 49 7 8 29 49 96 89 19 41 91 81 29 2 62 77 44 18 30 0 93 80 25 25 19 56 2 27 84 80 60 89 16 59 64 62 22 97 23 66 96 18 98 37 64 55 48 44 66 24 29 29 7 64 48 36 37 90 43 36 28 61 54 6 51
17 94 38 24 41 62 29 16 71 31 90 52 88 41 43 10 43 79 79 60 52 90 20 18 85 67 28 98 37 56 92 86 60 57 20 0 27 63 67 78 91 67 56 27 16 75 95 47 96 30 94 39 46 16 4 21 97 76 94 95 54 55 86 22 3 49 17 81 45 77 73 10 96 83 23 49 5 79 91 1
32 23 1 78 92 15 52 76 84 53 39 13 9 13 51 46 44 4 88 62 25 68 75 58 93 63 87 73 22 60 43 40 32 29 21 59 0 92 3 46 29 16 72 34 17 11 45 41 98 79 11 52 90 57 16 71 44 81 98 46 91 67 18 66 80 53 26 88 10 55 66 40 44 72 98 70 39 62 63 74
95 72 65 93 15 29 85 3 83 97 59 88 89 30 70 95 50 24 11 10 82 2 18 76 17 63 14 19 5 97 70 78 45 43 8 87 28 0 28 63 75 44 98 53 19 36 71 21 34 73 52 86 37 94 66 87 78 65 24 2 47 87 68 35 60 72 97 50 27 75 90 77 84 50 40 83 77 37 2 14
44 39 72 88 84 20 47 79 38 48 5 87 35 7 91 81 51 70 97 71 9 27 9 20 95 86 18 65 87 2 33 66 70 95 46 94 20 54 0 82 41 79 67 3 68 38 26 70 5 30 47 24 42 54 29 99 33 56 24 52 78 55 10 25 74 83 72 81 57 88 8 44 2 22 42 7 97 94 42 86
65 54 74 86 78 33 9 15 72 89 84 97 83 9 21 48 15 54 22 85 44 49 14 44 88 10 71 94 79 48 94 42 32 72 15 46 27 70 6 0 60 9 46 56 54 26 17 3 67 51 66 62 95 58 32 67 87 61 95 25 84 68 63 12 56 58 17 26 21 24 32 91 93 43 9 67 5 84 22 38
16 43 71 8 87 25 21 6 37 83 5 75 76 68 99 55 39 42 23 97 24 1 65 29 27 93 31 54 81 73 94 10 79 90 1 34 62 65 89 92 0 91 96 52 97 58 92 17 14 11 70 22 38 70 35 52 22 59 79 84 36 49 41 17 92 38 44 83 16 68 86 31 73 78 67 72 69 49 29 37
91 35 43 12 40 63 95 95 75 85 93 98 19 92 64 31 30 7 44 73 55 73 76 87 89 72 99 1 67 63 29 40 72 59 28 92 83 13 58 16 33 0 27 43 11 18 44 97 81 12 61 20 15 95 57 12 81 41 12 25 84 60 85 75 2 89 29 52 75 49 21 70 28 19 35 42 16 32 4 48
34 10 70 57 4 59 41 80 89 20 55 56 92 82 96 44 38 8 13 38 71 2 14 61 22 76 49 95 5 20 40 84 90 35 31 82 42 86 58 52 23 23 0 59 63 61 46 6 88 50 77 24 34 8 87 90 7 56 47 81 40 54 95 57 2 99 91 2 92 11 49 33 1 76 38 99 41 90 29 97
62 20 56 42 28 32 76 20 33 75 13 7 67 63 3 35 55 70 69 85 20 93 45 10 31 58 8 86 75 54 33 11 73 51 14 36 44 88 1 4 64 55 99 0 20 46 42 54 95 97 69 70 46 63 55 11 28 25 88 31 76 86 1 7 70 7 84 10 59 76 70 96 81 24 52 73 49 20 87 73
67 89 9 28 73 23 4 60 7 90 13 48 97 92 85 79 81 40 74 32 24 89 71 44 29 73 82 13 24 65 81 8 31 55 40 91 79 33 65 97 8 51 51 50 0 52 14 92 10 79 95 30 18 27 67 29 86 88 99 19 17 39 46 97 52 83 25 86 84 84 15 90 50 23 88 22 25 47 67 94
2 69 52 83 66 77 73 64 8 54 20 83 44 98 4 96 52 4 52 30 19 20 6 64 12 91 72 87 82 82 89 70 86 83 45 32 30 74 37 15 22 64 18 58 76 0 72 84 37 19 2 48 39 70 3 11 92 67 38 34 79 54 96 65 3 10 29 57 70 93 50 26 91 49 78 67 39 85 83 58
11 47 41 59 69 48 59 3 42 29 88 56 14 70 5 22 6 21 10 96 93 15 51 31 69 87 94 43 20 30 34 82 79 40 79 75 40 23 93 19 42 71 85 80 17 78 0 92 68 91 87 48 59 47 69 32 81 21 8 37 98 38 88 36 85 71 59 91 99 5 58 17 81 57 89 93 51 77 74 64
88 26 19 59 58 75 3 18 17 83 25 12 1 95 2 30 30 31 59 97 23 25 78 8 29 69 59 17 77 46 28 12 47 37 91 33 49 49 86 77 49 22 96 19 29 79 13 0 25 40 36 47 76 60 77 60 64 53 34 34 4 21 46 72 71 62 39 81 43 16 38 29 17 50 99 46 58 53 78 58
95 97 81 31 96 13 88 36 88 26 26 90 7 59 73 50 79 60 64 9 99 92 84 63 4 43 99 56 15 45 12 16 79 8 74 52 93 36 67 90 81 22 84 8 15 82 24 9 0 88 90 32 12 70 33 88 71 73 33 84 40 46 34 59 67 50 55 18 34 1 93 85 1 93 47 72 4 1 93 68
96 67 79 67 46 16 77 11 4 73 27 8 43 43 75 45 26 66 10 57 36 51 69 30 65 21 42 86 75 25 91 18 85 36 96 38 7 3 80 8 43 58 54 12 72 6 92 93 51 0 72 7 21 42 7 41 29 97 95 47 7 40 73 65 18 31 82 65 58 77 87 65 73 73 78 68 5 37 37 87
23 88 21 65 62 59 17 67 72 22 70 25 30 7 33 56 87 7 16 87 25 25 94 40 69 9 80 71 66 22 25 25 38 15 64 34 62 40 20 53 21 60 61 3 67 78 20 72 50 9 0 11 80 26 7 10 23 57 49 99 33 85 47 41 99 6 75 53 61 94 5 7 77 62 37 89 72 69 12 53
48 64 35 49 4 35 20 30 56 51 15 81 5 49 67 47 43 11 92 51 19 68 79 80 19 17 65 15 38 61 79 99 78 14 95 48 1 24 72 95 19 51 24 25 45 42 74 23 21 40 95 0 38 15 66 46 18 22 91 31 7 42 47 11 18 37 52 90 98 75 78 51 25 22 85 67 10 47 30 72
93 99 10 50 66 19 33 8 37 89 26 98 36 11 1 72 67 13 55 92 74 6 79 3 54 77 4 62 23 46 28 36 53 87 39 45 81 87 74 15 41 86 90 31 17 74 48 64 25 55 7 5 0 13 97 84 20 45 65 28 94 87 54 67 40 3 16 42 25 32 40 74 99 10 39 86 76 81 16 72
79 51 61 88 13 76 44 34 76 17 39 51 92 46 92 95 87 88 14 42 28 28 94 41 1 7 67 20 2 39 61 56 97 61 64 67 33 54 31 2 87 53 41 10 81 6 73 72 32 16 59 9 34 0 78 28 33 99 12 37 87 18 27 23 96 12 3 1 11 23 79 25 50 41 49 89 85 67 39 85
34 91 11 49 56 3 21 39 32 35 28 39 45 84 99 16 62 17 10 4 23 40 70 62 52 7 93 27 83 36 20 88 36 75 41 15 41 80 59 12 64 48 92 71 7 88 61 23 32 92 70 21 95 73 0 40 13 41 99 96 7 94 85 1 4 19 1 57 41 79 36 67 30 26 55 12 7 58 43 90
27 53 79 51 9 83 94 53 15 30 72 56 99 50 43 45 82 94 30 87 65 90 86 23 85 25 18 86 48 41 30 48 1 5 58 9 39 86 83 23 88 31 97 51 28 6 99 28 66 1 70 72 34 65 76 0 23 87 22 16 25 96 12 5 81 65 73 90 6 69 87 86 87 98 36 91 50 30 54 83
62 56 20 92 32 33 51 15 38 44 73 28 23 65 97 14 42 99 21 76 60 16 20 75 7 15 6 66 3 66 32 4 7 65 53 66 29 18 8 74 12 30 86 44 44 34 2 48 81 89 60 83 73 65 46 3 0 29 62 25 47 77 85 5 89 85 95 8 22 57 89 98 81 70 26 71 72 84 48 36
36 89 89 83 34 51 60 23 24 92 78 24 46 69 29 40 32 41 17 17 66 99 86 47 34 28 29 70 54 76 46 1 16 22 23 72 47 47 18 11 91 37 59 95 50 22 47 3 1 37 37 12 54 73 78 48 48 0 45 13 84 59 28 60 90 74 56 56 73 82 39 92 47 30 58 9 76 58 68 5
39 98 19 56 6 30 54 11 63 31 51 80 85 44 74 37 38 3 57 92 14 85 69 61 37 70 11 2 19 78 24 57 24 88 30 30 52 38 48 22 16 2 19 96 59 88 8 25 72 24 44 44 94 3 72 50 74 95 0 88 49 51 93 5 36 93 82 61 19 79 52 32 75 7 53 86 76 67 32 8
54 22 34 97 95 51 68 12 4 11 25 84 87 22 43 3 55 46 82 60 11 3 41 76 97 5 51 78 26 9 60 26 41 72 27 79 4 67 47 53 17 72 54 80 6 71 50 46 57 16 47 76 33 20 49 25 81 86 57 0 30 9 41 13 65 69 16 4 45 81 97 60 4 55 10 32 46 87 6 28
23 30 76 86 86 53 16 44 92 44 32 94 32 36 68 73 62 25 76 96 73 98 91 52 19 73 62 28 71 74 72 88 75 51 17 90 10 88 58 44 25 95 98 59 86 75 89 57 34 57 90 99 16 59 93 98 82 15 24 43 0 75 15 16 73 91 22 34 59 47 38 97 25 95 84 75 99 73 19 50
2 15 67 69 9 48 84 37 46 44 94 4 6 54 27 26 13 44 98 17 95 40 86 11 30 7 74 19 61 44 57 21 20 66 69 5 92 75 44 80 68 88 70 40 73 10 77 38 39 5 85 47 66 77 14 21 87 62 45 54 84 0 63 71 46 48 35 12 48 34 28 73 86 78 60 45 59 46 35 83
53 93 17 74 48 87 30 72 51 60 89 88 73 22 60 87 77 33 84 50 27 55 71 90 57 47 27 6 79 26 38 68 48 31 84 73 83 78 34 35 39 90 97 68 36 78 98 15 68 18 28 46 51 14 38 95 14 24 52 41 63 26 0 5 62 89 1 6 27 56 92 26 44 20 98 49 85 46 32 27
27 68 27 53 80 84 66 41 15 69 28 34 12 75 87 84 18 36 58 56 64 15 82 29 28 40 52 33 62 26 4 95 54 42 9 97 7 79 5 32 92 35 86 79 50 20 37 33 37 13 43 45 87 12 71 37 84 56 9 65 82 88 5 0 79 46 77 57 35 90 23 17 24 50 28 58 10 40 91 33
6 72 57 57 88 65 51 74 67 54 54 76 89 20 5 73 44 75 75 9 4 8 88 80 52 88 6 34 79 48 39 69 31 55 62 72 35 29 5 86 26 97 23 67 78 48 73 43 69 53 65 77 8 42 65 38 44 36 10 6 15 14 68 4 0 16 69 91 57 73 81 89 44 97 7 39 64 5 55 77
3 49 33 3 70 46 28 75 94 58 3 83 22 33 73 48 70 60 28 66 76 39 37 28 55 50 21 30 11 72 19 23 53 78 77 19 57 94 21 69 69 75 70 14 61 67 15 97 51 74 60 77 45 3 19 64 75 58 51 74 9 16 32 12 97 0 31 3 21 4 28 87 85 37 41 57 53 96 91 74
24 74 73 80 67 38 94 93 4 90 79 79 43 11 4 21 27 30 25 21 15 7 16 86 19 71 44 95 75 69 61 97 53 49 44 91 42 40 13 59 23 77 39 57 61 1 2 16 6 4 62 40 94 70 96 57 96 43 57 95 2 84 6 24 82 80 0 50 36 2 56 24 14 94 59 18 79 80 87 54
70 76 24 82 14 84 77 75 52 96 9 29 91 84 19 62 18 51 55 44 8 57 69 10 48 35 29 99 37 42 94 71 61 57 22 42 79 64 74 1 68 58 21 17 39 10 58 84 33 69 90 73 17 29 60 21 15 11 14 19 29 69 32 15 6 50 15 0 93 69 98 68 52 16 25 76 96 4 53 72
68 99 30 35 59 18 51 51 68 27 18 44 69 92 85 22 42 98 31 25 35 76 10 66 32 38 61 69 19 88 62 44 30 2 14 92 92 82 64 88 30 30 73 46 93 55 15 9 58 52 82 5 47 85 18 46 90 66 4 91 72 65 74 15 25 74 39 78 0 89 99 35 26 63 82 54 81 83 35 19
18 21 47 74 23 88 68 24 47 99 95 67 25 55 74 64 88 59 44 99 79 27 73 46 68 18 64 9 64 17 54 73 92 64 99 95 10 53 45 66 88 63 61 81 3 29 87 30 70 51 73 31 96 23 55 15 50 93 99 28 67 81 24 78 34 78 22 66 20 0 55 96 54 52 65 16 47 69 26 82
48 77 58 85 46 17 18 56 93 59 66 25 50 15 26 23 19 70 77 1 63 28 20 32 9 94 15 40 7 90 13 86 91 62 37 98 21 56 79 8 41 48 38 78 21 98 28 10 68 79 89 12 38 82 58 69 81 89 24 29 24 88 50 51 67 90 36 94 63 70 0 16 85 34 81 42 30 88 52 79
24 10 73 27 96 57 73 75 34 37 91 74 63 7 25 9 53 2 27 92 88 42 83 57 77 42 33 26 42 25 46 22 25 58 34 10 58 58 9 58 9 56 52 50 48 74 35 59 41 25 29 87 97 91 53 34 65 71 93 10 73 16 56 60 70 12 56 8 19 88 44 0 74 39 8 79 36 19 39 66
92 19 38 14 28 82 99 68 75 28 31 69 73 82 92 72 19 1 81 28 3 13 5 69 99 99 46 59 48 13 88 37 64 12 7 43 15 35 61 30 32 45 50 8 3 42 74 54 60 46 51 71 7 96 31 97 67 92 89 45 67 68 29 17 42 53 19 19 72 49 75 94 0 55 20 39 35 76 82 89
95 86 53 56 27 13 70 78 41 47 58 38 78 84 89 21 19 61 11 37 83 89 81 89 33 74 19 4 56 56 71 99 98 4 66 39 9 89 91 52 37 41 77 10 89 50 16 71 36 6 38 20 77 78 35 47 31 95 98 53 93 66 53 32 61 93 12 80 12 8 78 42 6 0 43 86 68 46 56 5
7 84 24 21 9 12 36 59 62 11 63 99 4 97 1 66 2 64 58 52 42 84 68 57 72 66 14 8 87 57 17 2 14 41 92 94 27 78 36 21 85 89 8 78 2 54 92 49 61 73 30 10 6 44 60 85 21 29 88 85 5 65 35 79 74 86 28 1 70 50 35 75 5 64 0 47 33 33 78 96
59 92 19 20 87 75 42 54 19 49 40 78 13 59 53 40 79 91 74 16 28 64 99 58 65 93 68 70 36 33 10 89 84 99 58 86 51 30 90 7 46 65 43 64 53 42 6 69 39 63 89 47 23 99 54 8 60 55 29 2 80 39 42 59 31 7 41 8 99 50 30 40 3 66 50 0 86 33 9 68
34 66 14 36 82 77 46 27 79 63 30 30 83 92 5 16 89 79 25 75 30 17 59 62 92 49 10 61 76 17 5 27 99 86 32 8 99 31 51 65 14 40 81 26 33 59 29 99 14 66 76 33 4 63 27 91 51 12 46 8 72 77 11 81 67 14 14 5 46 54 88 2 99 71 97 26 0 78 45 43
76 17 62 53 5 36 23 35 89 96 25 36 4 67 11 81 87 8 91 58 13 52 8 4 47 16 22 21 16 92 77 85 53 37 82 72 25 48 69 66 22 20 39 52 6 52 2 85 20 30 60 9 38 39 65 29 34 54 5 79 14 89 55 12 68 17 18 19 29 67 13 83 56 46 11 47 21 0 92 57
44 56 70 52 84 76 7 97 44 96 78 71 65 59 91 87 30 2 57 73 94 90 20 37 82 56 16 21 84 47 60 17 88 84 63 85 25 8 30 46 68 46 63 76 56 10 82 65 32 86 74 33 57 57 48 85 63 83 16 21 60 92 11 64 39 33 98 10 85 35 92 23 16 3 95 53 36 48 0 36
2 55 75 25 57 43 55 98 61 24 47 70 66 55 95 78 76 3 8 51 11 87 26 12 77 99 78 87 50 33 17 78 39 39 34 79 80 13 54 73 44 57 86 78 95 56 42 63 41 25 90 96 26 52 30 32 90 22 42 7 97 35 97 98 40 21 93 2 72 10 94 16 62 83 53 20 23 2 84 0
0 53 25 26 26 20 7 12 38 31 58 53 38 39 39 38 34 63 82 41 35 66 32 47 35 26 82 32 6 24 43 34 50 50 47 52 25 26 38 30 20 49 43 61 60 29 54 43 18 27 74 52 54 21 20 53 54 50 33 37 35 49 39 18 55 66 28 66 45 57 44 53 41 6 86 39 49 42 25 41
53 0 64 27 35 40 46 43 42 23 19 59 43 36 78 31 29 56 35 22 23 15 53 30 33 35 32 65 50 35 53 23 60 32 28 49 33 31 24 38 37 30 20 51 44 26 65 24 55 35 38 4 25 47 45 57 6 40 24 33 65 17 15 38 9 57 45 19 8 28 37 31 15 48 37 31 8 35 31 15
25 64 0 42 48 43 26 25 30 41 61 36 29 35 15 37 36 49 85 44 42 73 17 45 34 29 86 8 31 29 28 41 32 47 46 40 31 33 42 53 42 47 47 49 51 38 34 44 10 29 71 61 54 46 19 37 62 43 40 35 11 54 53 40 69 52 21 70 57 55 38 73 49 24 89 38 63 38 33 49
26 27 42 0 14 15 20 18 33 9 36 52 33 29 57 25 19 56 59 21 16 40 37 32 23 19 57 45 23 16 43 14 51 35 30 46 15 14 20 19 12 34 23 52 48 11 56 25 32 19 54 26 35 23 24 51 29 39 14 26 47 27 12 12 29 58 29 42 19 38 33 32 17 21 62 26 22 31 12 17
26 35 48 14 0 6 22 23 45 23 48 64 46 43 63 38 33 70 70 35 29 50 48 46 37 31 67 53 20 28 55 28 63 49 44 59 28 26 34 6 6 47 37 66 62 25 68 39 39 32 67 36 49 12 34 64 39 53 28 39 55 40 21 8 34 72 40 53 29 52 47 26 30 24 73 39 29 44 24 30
20 40 43 15 6 0 17 19 44 24 50 62 44 42 58 38 33 68 73 36 30 54 44 46 36 29 71 48 14 26 52 28 60 49 45 58 26 25 34 10 3 48 38 65 62 25 65 39 34 30 69 40 50 8 30 62 43 52 28 39 51 42 25 4 39 71 37 56 33 53 46 33 32 19 76 39 34 44 23 32
7 46 26 20 22 17 0 5 33 24 51 49 33 33 41 31 27 58 75 34 28 59 29 41 28 20 75 32 7 17 39 26 47 43 40 47 18 19 31 27 16 43 36 56 54 22 51 36 17 21 67 45 47 21 16 49 47 44 26 31 34 42 32 14 48 61 24 59 38 50 38 48 34 2 79 32 42 36 17 34
12 43 25 18 23 19 5 0 28 21 46 45 28 28 40 26 22 53 71 29 24 55 25 36 23 15 71 30 12 12 35 22 42 38 35 42 14 14 26 29 17 38 32 51 49 18 47 31 15 16 62 41 43 24 11 45 43 39 22 26 32 38 30 16 46 56 19 54 35 45 33 48 30 5 74 27 40 31 13 30
38 42 30 33 45 44 33 28 0 26 33 19 1 6 40 11 14 25 56 20 21 48 14 16 10 14 58 27 40 18 11 22 19 17 17 15 18 19 18 51 41 17 22 23 23 22 24 18 25 14 41 38 26 51 18 18 38 13 21 9 26 27 37 40 50 28 10 43 37 26 8 63 27 32 59 11 44 9 21 27
31 23 41 9 23 24 24 21 26 0 27 45 26 21 56 16 11 48 51 12 6 35 33 22 16 14 50 43 29 12 37 4 44 26 21 37 11 9 11 28 21 24 14 44 39 4 50 16 32 14 45 21 26 32 23 44 23 30 5 18 44 19 12 21 27 49 24 34 15 29 25 37 9 25 55 17 21 22 9 9
58 19 61 36 48 50 51 46 33 27 0 45 34 27 73 24 25 40 25 17 22 16 47 17 27 33 26 59 56 34 42 24 47 17 15 34 33 32 20 52 48 16 14 34 27 29 52 16 53 33 19 15 8 58 43 43 13 25 25 25 59 9 28 48 28 40 39 10 21 10 25 50 18 51 28 23 26 24 33 18
53 59 36 52 64 62 49 45 19 45 45 0 18 24 39 29 33 14 64 37 40 61 21 29 29 33 67 30 56 37 10 41 4 28 31 11 37 38 36 70 60 29 39 16 22 41 7 34 37 33 46 54 37 69 34 2 54 20 40 27 27 43 56 58 67 17 26 54 54 35 22 82 45 48 67 29 62 24 40 45
38 43 29 33 46 44 33 28 1 26 34 18 0 7 39 12 15 25 57 21 22 49 13 17 11 15 59 26 40 19 10 23 18 18 18 14 18 20 19 52 42 18 23 23 23 23 23 19 25 14 42 39 26 51 18 18 39 13 22 10 25 28 38 40 51 28 10 43 38 26 9 64 28 33 60 12 45 10 22 28
39 36 35 29 43 42 33 28 6 21 27 24 7 0 46 5 10 27 50 14 16 41 20 11 6 13 52 32 40 16 17 17 24 12 12 16 16 17 13 48 39 12 16 24 21 18 29 12 29 12 37 32 20 49 20 22 32 11 16 4 32 21 32 38 44 29 14 37 31 21 5 58 22 33 54 5 39 4 19 22
39 78 15 57 63 58 41 40 40 56 73 39 39 46 0 49 49 53 96 57 55 86 26 56 46 42 98 13 45 44 34 55 35 57 57 47 45 47 55 68 57 57 60 55 59 52 35 57 25 43 81 75 66 60 33 41 76 52 54 47 14 66 67 55 83 56 34 82 71 66 49 88 63 39 100 50 77 49 48 63
38 31 37 25 38 38 31 26 11 16 24 29 12 5 49 0 5 31 48 9 11 37 23 9 4 11 49 36 38 14 22 12 29 12 9 21 13 13 7 44 35 11 11 28 24 14 35 8 30 10 36 27 18 46 20 28 27 14 11 2 35 17 27 34 39 33 16 33 26 19 9 53 16 32 52 1 33 6 15 16
34 29 36 19 33 33 27 22 14 11 25 33 15 10 49 5 0 37 50 9 7 38 24 14 4 8 51 36 33 9 26 8 33 17 13 26 8 8 6 39 30 16 11 33 29 9 38 9 28 7 40 26 21 40 18 32 27 20 7 6 36 18 23 29 36 39 16 35 23 23 14 48 14 27 54 6 30 11 10 14
63 56 49 56 70 68 58 53 25 48 40 14 25 27 53 31 37 0 54 38 42 55 33 27 33 39 58 43 65 43 21 43 18 25 29 11 42 43 37 75 66 26 38 5 13 45 20 34 48 38 35 52 32 76 43 12 51 18 43 30 40 40 57 65 65 3 35 48 54 29 23 83 45 57 57 31 61 26 46 45
82 35 85 59 70 73 75 71 56 51 25 64 57 50 96 48 50 54 0 42 47 21 70 40 52 58 6 83 80 59 64 49 67 39 39 53 58 57 45 73 71 39 39 49 41 53 71 41 78 57 19 34 30 81 68 61 31 45 49 50 82 33 49 71 41 52 64 17 41 30 47 64 42 76 4 47 43 47 58 42
41 22 44 21 35 36 34 29 20 12 17 37 21 14 57 9 9 38 42 0 6 29 32 11 11 16 42 44 40 17 31 8 38 14 9 28 16 15 3 40 33 13 3 33 27 12 43 4 36 16 34 18 14 44 26 36 18 20 8 11 44 9 20 33 30 39 24 26 17 17 16 45 8 34 46 9 25 13 16 8
35 23 42 16 29 30 28 24 21 6 22 40 22 16 55 11 7 42 47 6 0 32 31 16 11 13 47 42 34 13 33 2 40 19 15 32 11 10 4 35 27 18 8 38 33 6 45 9 33 13 39 19 20 38 23 39 21 24 2 13 43 14 16 27 29 43 22 31 16 23 19 42 7 29 50 11 23 16 11 7
66 15 73 40 50 54 59 55 48 35 16 61 49 41 86 37 38 55 21 29 32 0 61 32 40 45 17 73 63 45 58 33 63 33 30 50 44 42 32 53 51 32 26 50 42 38 68 30 65 44 28 14 24 61 55 59 12 41 34 39 73 20 30 52 20 55 53 9 21 26 40 43 25 60 23 37 22 39 43 25
32 53 17 37 48 44 29 25 14 33 47 21 13 20 26 23 24 33 70 32 31 61 0 30 21 19 72 13 36 22 12 31 18 31 31 24 23 25 30 53 42 31 34 33 35 29 22 31 15 19 55 50 40 50 14 22 50 26 30 22 12 40 45 41 60 36 9 56 47 40 23 69 38 28 74 24 54 23 26 38
47 30 45 32 46 46 41 36 16 22 17 29 17 11 56 9 14 27 40 11 16 32 30 0 13 21 42 43 47 23 25 18 31 3 2 19 22 22 12 51 43 2 11 23 17 21 36 7 39 20 27 25 9 54 30 27 25 10 18 10 42 13 30 43 38 28 24 27 27 10 8 56 18 41 43 9 34 7 24 18
35 33 34 23 37 36 28 23 10 16 27 29 11 6 46 4 4 33 52 11 11 40 21 13 0 8 53 33 35 11 21 12 29 16 13 22 10 11 9 42 33 15 14 30 26 13 34 11 26 7 40 29 21 43 17 28 30 16 11 3 33 20 27 32 40 35 13 37 27 23 10 53 18 28 55 4 35 8 13 18
26 35 29 19 31 29 20 15 14 14 33 33 15 13 42 11 8 39 58 16 13 45 19 21 8 0 59 29 27 4 24 12 32 24 21 29 4 5 13 37 27 23 19 37 34 10 37 17 20 1 48 32 29 36 10 33 34 24 11 11 30 25 26 26 41 42 10 42 28 30 18 50 20 20 62 12 35 16 7 20
82 32 86 57 67 71 75 71 58 50 26 67 59 52 98 49 51 58 6 42 47 17 72 42 53 59 0 85 79 59 66 48 70 41 40 56 58 57 45 70 69 41 40 53 46 53 74 42 79 58 24 31 32 79 69 65 29 48 49 51 84 33 47 69 37 57 65 16 39 33 50 59 41 76 6 49 40 49 58 41
32 65 8 45 53 48 32 30 27 43 59 30 26 32 13 36 36 43 83 44 42 73 13 43 33 29 85 0 37 31 22 42 25 44 44 35 32 34 41 58 47 44 47 44 47 39 27 43 15 30 68 61 52 52 21 31 62 39 41 34 3 53 55 45 71 46 20 69 58 53 35 77 49 30 86 36 64 36 35 49
6 50 31 23 20 14 7 12 40 29 56 56 40 40 45 38 33 65 80 40 34 63 36 47 35 27 79 37 0 24 47 32 54 50 47 55 25 25 37 24 15 49 42 63 61 28 58 42 23 28 73 49 54 15 23 56 51 51 32 38 40 48 35 13 51 68 31 64 42 56 45 47 38 8 84 39 45 43 24 38
24 35 29 16 28 26 17 12 18 12 34 37 19 16 44 14 9 43 59 17 13 45 22 23 11 4 59 31 24 0 28 12 35 26 23 32 1 3 14 33 23 25 20 40 37 8 41 19 20 4 50 32 30 33 10 36 33 27 11 14 32 26 24 22 40 45 13 43 27 33 21 47 20 18 63 15 33 19 4 20
43 53 28 43 55 52 39 35 11 37 42 10 10 17 34 22 26 21 64 31 33 58 12 25 21 24 66 22 47 28 0 33 8 25 27 13 28 29 30 61 50 26 33 22 25 33 13 29 27 24 47 49 34 59 24 10 49 18 32 20 20 38 48 49 61 24 16 52 48 34 17 74 39 38 67 22 56 19 31 39
34 23 41 14 28 28 26 22 22 4 24 41 23 17 55 12 8 43 49 8 2 33 31 18 12 12 48 42 32 12 33 0 41 21 16 33 10 9 6 33 25 20 10 39 34 4 46 11 32 12 41 20 22 36 22 40 22 26 1 14 42 16 15 25 29 45 22 32 16 25 21 41 8 27 52 13 23 18 9 8
50 60 32 51 63 60 47 42 19 44 47 4 18 24 35 29 33 18 67 38 40 63 18 31 29 32 70 25 54 35 8 41 0 30 33 14 36 37 37 69 58 31 40 21 26 41 5 36 33 31 49 56 39 66 31 6 55 22 40 28 23 44 56 57 68 21 23 57 55 38 23 81 46 46 70 29 63 25 39 46
50 32 47 35 49 49 43 38 17 26 17 28 18 12 57 12 17 25 39 14 19 33 31 3 16 24 41 44 50 26 25 21 30 0 5 17 25 25 15 54 46 1 13 20 14 25 35 10 41 23 25 27 9 57 32 26 26 8 21 13 43 15 33 46 41 26 26 27 29 9 9 59 21 44 42 11 37 9 27 21
47 28 46 30 44 45 40 35 17 21 15 31 18 12 57 9 13 29 39 9 15 30 31 2 13 21 40 44 47 23 27 16 33 5 0 21 22 21 10 49 42 4 8 25 19 20 38 5 39 20 27 23 8 52 30 30 22 12 16 11 43 11 28 41 36 30 25 25 24 10 10 54 16 41 43 9 32 9 23 16
52 49 40 46 59 58 47 42 15 37 34 11 14 16 47 21 26 11 53 28 32 50 24 19 22 29 56 35 55 32 13 33 14 17 21 0 32 33 28 65 55 18 29 9 12 35 18 25 38 28 35 44 26 65 32 9 43 9 33 20 33 32 48 54 57 13 24 43 45 24 13 74 36 47 56 21 53 16 35 36
25 33 31 15 28 26 18 14 18 11 33 37 18 16 45 13 8 42 58 16 11 44 23 22 10 4 58 32 25 1 28 10 36 25 22 32 0 2 13 33 23 24 19 40 36 7 41 17 21 4 48 30 29 33 12 36 32 27 9 13 33 25 23 22 38 45 14 42 26 31 21 47 18 19 61 14 32 18 4 18
26 31 33 14 26 25 19 14 19 9 32 38 20 17 47 13 8 43 57 15 10 42 25 22 11 5 57 34 25 3 29 9 37 25 21 33 2 0 12 32 22 24 17 40 37 5 42 17 23 6 48 29 28 33 14 37 30 27 8 14 35 24 21 22 36 46 16 40 24 31 21 45 17 20 60 14 30 19 2 17
38 24 42 20 34 34 31 26 18 11 20 36 19 13 55 7 6 37 45 3 4 32 30 12 9 13 45 41 37 14 30 6 37 15 10 28 13 12 0 39 31 14 6 33 28 10 42 5 33 13 36 20 16 42 23 35 21 20 6 9 41 12 20 31 31 39 21 29 18 19 15 46 9 32 48 8 26 12 14 9
30 38 53 19 6 10 27 29 51 28 52 70 52 48 68 44 39 75 73 40 35 53 53 51 42 37 70 58 24 33 61 33 69 54 49 65 33 32 39 0 11 53 41 72 67 30 74 44 44 38 71 39 53 12 39 69 42 58 33 45 60 44 24 13 35 77 45 56 32 57 52 24 35 29 76 45 31 50 30 35
20 37 42 12 6 3 16 17 41 21 48 60 42 39 57 35 30 66 71 33 27 51 42 43 33 27 69 47 15 23 50 25 58 46 42 55 23 22 31 11 0 45 35 63 59 22 63 36 33 27 66 37 47 11 28 59 40 49 25 36 49 39 22 2 37 68 35 53 30 50 43 32 29 18 73 36 31 41 20 29
49 30 47 34 47 48 43 38 17 24 16 29 18 12 57 11 16 26 39 13 18 32 31 2 15 23 41 44 49 25 26 20 31 1 4 18 24 24 14 53 45 0 12 21 15 23 36 9 40 22 25 26 9 56 31 27 25 9 20 12 43 14 32 45 39 27 26 26 28 8 9 57 20 43 42 10 35 8 26 20
43 20 47 23 37 38 36 32 22 14 14 39 23 16 60 11 11 38 39 3 8 26 34 11 14 19 40 47 42 20 33 10 40 13 8 29 19 17 6 41 35 12 0 33 27 15 45 4 39 18 31 16 12 46 29 37 16 20 10 13 46 6 20 35 28 39 26 23 16 15 17 45 8 37 43 11 24 14 19 8
61 51 49 52 66 65 56 51 23 44 34 16 23 24 55 28 33 5 49 33 38 50 33 23 30 37 53 44 63 40 22 39 21 20 25 9 40 40 33 72 63 21 33 0 8 42 23 30 47 36 30 47 27 73 41 14 46 14 39 27 42 35 53 62 61 6 33 42 49 24 19 79 41 56 52 27 57 22 43 41
60 44 51 48 62 62 54 49 23 39 27 22 23 21 59 24 29 13 41 27 33 42 35 17 26 34 46 47 61 37 25 34 26 14 19 12 36 37 28 67 59 15 27 8 0 37 30 24 48 33 23 40 19 69 40 20 38 10 34 23 45 28 47 58 53 13 33 34 42 16 16 72 35 54 45 23 50 18 39 35
29 26 38 11 25 25 22 18 22 4 29 41 23 18 52 14 9 45 53 12 6 38 29 21 13 10 53 39 28 8 33 4 41 25 20 35 7 5 10 30 22 23 15 42 37 0 46 15 28 10 46 24 26 32 19 40 26 28 4 15 40 20 16 21 31 47 20 37 19 29 22 41 12 23 57 15 25 20 5 12
54 65 34 56 68 65 51 47 24 50 52 7 23 29 35 35 38 20 71 43 45 68 22 36 34 37 74 27 58 41 13 46 5 35 38 18 41 42 42 74 63 36 45 23 30 46 0 41 37 37 53 61 44 71 36 9 60 27 45 33 24 49 61 62 73 23 28 61 60 42 28 87 51 50 74 34 68 31 44 51
43 24 44 25 39 39 36 31 18 16 16 34 19 12 57 8 9 34 41 4 9 30 31 7 11 17 42 43 42 19 29 11 36 10 5 25 17 17 5 44 36 9 4 30 24 15 41 0 37 16 31 20 12 47 27 33 20 16 11 9 43 9 23 36 33 35 23 26 20 14 13 49 11 36 45 7 28 10 18 11
18 55 10 32 39 34 17 15 25 32 53 37 25 29 25 30 28 48 78 36 33 65 15 39 26 20 79 15 23 20 27 32 33 41 39 38 21 23 33 44 33 40 39 47 48 28 37 37 0 21 66 52 48 37 10 37 53 38 31 29 17 45 43 31 59 51 15 62 47 49 33 63 40 15 81 31 53 32 23 40
27 35 29 19 32 30 21 16 14 14 33 33 14 12 43 10 7 38 57 16 13 44 19 20 7 1 58 30 28 4 24 12 31 23 20 28 4 6 13 38 27 22 18 36 33 10 37 16 21 0 47 32 28 37 11 32 33 23 11 10 30 25 26 26 41 41 10 42 28 30 17 51 20 21 61 11 35 15 8 20
74 38 71 54 67 69 67 62 41 45 19 46 42 37 81 36 40 35 19 34 39 28 55 27 40 48 24 68 73 50 47 41 49 25 27 35 48 48 36 71 66 25 31 30 23 46 53 31 66 47 0 34 19 77 56 43 31 29 42 37 66 27 48 66 46 33 50 20 40 17 33 68 37 67 22 35 45 33 49 37
52 4 61 26 36 40 45 41 38 21 15 54 39 32 75 27 26 52 34 18 19 14 50 25 29 32 31 61 49 32 49 20 56 27 23 44 30 29 20 39 37 26 16 47 40 24 61 20 52 32 34 0 21 47 42 53 3 35 21 29 62 12 16 38 14 52 41 17 7 24 33 34 12 46 36 27 11 30 29 12
54 25 54 35 49 50 47 43 26 26 8 37 26 20 66 18 21 32 30 14 20 24 40 9 21 29 32 52 54 30 34 22 39 9 8 26 29 28 16 53 47 9 12 27 19 26 44 12 48 28 19 21 0 58 38 35 19 17 22 19 52 9 30 47 34 32 33 17 24 4 17 54 19 48 34 17 31 17 30 19
21 47 46 23 12 8 21 24 51 32 58 69 51 49 60 46 40 76 81 44 38 61 50 54 43 36 79 52 15 33 59 36 66 57 52 65 33 33 42 12 11 56 46 73 69 32 71 47 37 37 77 47 58 0 35 68 50 60 36 46 55 50 32 11 45 78 43 64 40 61 54 35 40 22 84 47 40 51 30 40
20 45 19 24 34 30 16 11 18 23 43 34 18 20 33 20 18 43 68 26 23 55 14 30 17 10 69 21 23 10 24 22 31 32 30 32 12 14 23 39 28 31 29 41 40 19 36 27 10 11 56 42 38 35 0 34 43 30 21 19 22 35 34 26 50 46 8 52 38 39 25 56 30 15 72 21 44 23 14 30
53 57 37 51 64 62 49 45 18 44 43 2 18 22 41 28 32 12 61 36 39 59 22 27 28 33 65 31 56 36 10 40 6 26 30 9 36 37 35 69 59 27 37 14 20 40 9 33 37 32 43 53 35 68 34 0 52 18 39 26 28 41 55 58 65 15 25 52 53 33 20 80 44 48 65 27 61 23 40 44
54 6 62 29 39 43 47 43 38 23 13 54 39 32 76 27 27 51 31 18 21 12 50 25 30 34 29 62 51 33 49 22 55 26 22 43 32 30 21 42 40 25 16 46 38 26 60 20 53 33 31 3 19 50 43 52 0 34 22 29 62 11 18 41 16 51 42 14 10 22 32 37 14 48 34 27 14 30 31 14
50 40 43 39 53 52 44 39 13 30 25 20 13 11 52 14 20 18 45 20 24 41 26 10 16 24 48 39 51 27 18 26 22 8 12 9 27 27 20 58 49 9 20 14 10 28 27 16 38 23 29 35 17 60 30 18 34 0 25 14 37 23 40 49 48 19 23 34 36 16 6 65 28 44 49 13 44 9 29 28
33 24 40 14 28 28 26 22 21 5 25 40 22 16 54 11 7 43 49 8 2 34 30 18 11 11 49 41 32 11 32 1 40 21 16 33 9 8 6 33 25 20 10 39 34 4 45 11 31 11 42 21 22 36 21 39 22 25 0 13 41 16 16 25 30 44 21 33 17 25 20 42 9 27 53 12 24 17 9 9
37 33 35 26 39 39 31 26 9 18 25 27 10 4 47 2 6 30 50 11 13 39 22 10 3 11 51 34 38 14 20 14 28 13 11 20 13 14 9 45 36 12 13 27 23 15 33 9 29 10 37 29 19 46 19 26 29 14 13 0 34 19 29 35 41 32 14 35 28 20 8 54 18 31 53 2 35 5 16 18
35 65 11 47 55 51 34 32 26 44 59 27 25 32 14 35 36 40 82 44 43 73 12 42 33 30 84 3 40 32 20 42 23 43 43 33 33 35 41 60 49 43 46 42 45 40 24 43 17 30 66 62 52 55 22 28 62 37 41 34 0 53 56 47 71 44 20 68 58 52 34 79 50 32 85 36 65 35 36 50
49 17 54 27 40 42 42 38 27 19 9 43 28 21 66 17 18 40 33 9 14 20 40 13 20 25 33 53 48 26 38 16 44 15 11 32 25 24 12 44 39 14 6 35 28 20 49 9 45 25 27 12 9 50 35 41 11 23 16 19 53 0 21 39 26 40 33 17 15 13 21 45 10 43 37 17 22 19 25 10
39 15 53 12 21 25 32 30 37 12 28 56 38 32 67 27 23 57 49 20 16 30 45 30 27 26 47 55 35 24 48 15 56 33 28 48 23 21 20 24 22 32 20 53 47 16 61 23 43 26 48 16 30 32 34 55 18 40 16 29 56 21 0 23 17 59 36 32 8 34 35 26 12 34 52 27 10 32 20 12
18 38 40 12 8 4 14 16 40 21 48 58 40 38 55 34 29 65 71 33 27 52 41 43 32 26 69 45 13 22 49 25 57 46 41 54 22 22 31 13 2 45 35 62 58 21 62 36 31 26 66 38 47 11 26 58 41 49 25 35 47 39 23 0 38 67 33 54 31 50 43 34 30 16 74 35 33 40 19 30
55 9 69 29 34 39 48 46 50 27 28 67 51 44 83 39 36 65 41 30 29 20 60 38 40 41 37 71 51 40 61 29 68 41 36 57 38 36 31 35 37 39 28 61 53 31 73 33 59 41 46 14 34 45 50 65 16 48 30 41 71 26 17 38 0 66 51 27 13 38 45 23 22 50 43 39 6 43 36 22
66 57 52 58 72 71 61 56 28 49 40 17 28 29 56 33 39 3 52 39 43 55 36 28 35 42 57 46 68 45 24 45 21 26 30 13 45 46 39 77 68 27 39 6 13 47 23 35 51 41 33 52 32 78 46 15 51 19 44 32 44 40 59 67 66 0 37 47 55 29 25 84 47 60 56 32 62 27 48 47
28 45 21 29 40 37 24 19 10 24 39 26 10 14 34 16 16 35 64 24 22 53 9 24 13 10 65 20 31 13 16 22 23 26 25 24 14 16 21 45 35 26 26 33 33 20 28 23 15 10 50 41 33 43 8 25 42 23 21 14 20 33 36 33 51 37 0 49 38 34 18 60 29 23 67 16 45 17 17 29
66 19 70 42 53 56 59 54 43 34 10 54 43 37 82 33 35 48 17 26 31 9 56 27 37 42 16 69 64 43 52 32 57 27 25 43 42 40 29 56 53 26 23 42 34 37 61 26 62 42 20 17 17 64 52 52 14 34 33 35 68 17 32 54 27 47 49 0 24 19 35 50 25 60 20 33 27 34 41 25
45 8 57 19 29 33 38 35 37 15 21 54 38 31 71 26 23 54 41 17 16 21 47 27 27 28 39 58 42 27 48 16 55 29 24 45 26 24 18 32 30 28 16 49 42 19 60 20 47 28 40 7 24 40 38 53 10 36 17 28 58 15 8 31 13 55 38 24 0 28 33 30 9 40 44 26 8 30 24 9
57 28 55 38 52 53 50 45 26 29 10 35 26 21 66 19 23 29 30 17 23 26 40 10 23 30 33 53 56 33 34 25 38 9 10 24 31 31 19 57 50 8 15 24 16 29 42 14 49 30 17 24 4 61 39 33 22 16 25 20 52 13 34 50 38 29 34 19 28 0 17 58 22 50 34 18 35 17 33 22
44 37 38 33 47 46 38 33 8 25 25 22 9 5 49 9 14 23 47 16 19 40 23 8 10 18 50 35 45 21 17 21 23 9 10 13 21 21 15 52 43 9 17 19 16 22 28 13 33 17 33 33 17 54 25 20 32 6 20 8 34 21 35 43 45 25 18 35 33 17 0 61 24 38 51 8 40 3 23 24
53 31 73 32 26 33 48 48 63 37 50 82 64 58 88 53 48 83 64 45 42 43 69 56 53 50 59 77 47 47 74 41 81 59 54 74 47 45 46 24 32 57 45 79 72 41 87 49 63 51 68 34 54 35 56 80 37 65 42 54 79 45 26 34 23 84 60 50 30 58 61 0 38 50 65 53 23 58 43 38
41 15 49 17 30 32 34 30 27 9 18 45 28 22 63 16 14 45 42 8 7 25 38 18 18 20 41 49 38 20 39 8 46 21 16 36 18 17 9 35 29 20 8 41 35 12 51 11 40 20 37 12 19 40 30 44 14 28 9 18 50 10 12 30 22 47 29 25 9 22 24 38 0 35 45 17 17 21 17 0
6 48 24 21 24 19 2 5 32 25 51 48 33 33 39 32 27 57 76 34 29 60 28 41 28 20 76 30 8 18 38 27 46 44 41 47 19 20 32 29 18 43 37 56 54 23 50 36 15 21 67 46 48 22 15 48 48 44 27 31 32 43 34 16 50 60 23 60 40 50 38 50 35 0 80 33 44 36 18 35
86 37 89 62 73 76 79 74 59 55 28 67 60 54 100 52 54 57 4 46 50 23 74 43 55 62 6 86 84 63 67 52 70 42 43 56 61 60 48 76 73 42 43 52 45 57 74 45 81 61 22 36 34 84 72 65 34 49 53 53 85 37 52 74 43 56 67 20 44 34 51 65 45 80 0 51 45 51 61 45
39 31 38 26 39 39 32 27 11 17 23 29 12 5 50 1 6 31 47 9 11 37 24 9 4 12 49 36 39 15 22 13 29 11 9 21 14 14 8 45 36 10 11 27 23 15 34 7 31 11 35 27 17 47 21 27 27 13 12 2 36 17 27 35 39 32 16 33 26 18 8 53 17 33 51 0 34 5 16 17
49 8 63 22 29 34 42 40 44 21 26 62 45 39 77 33 30 61 43 25 23 22 54 34 35 35 40 64 45 33 56 23 63 37 32 53 32 30 26 31 31 35 24 57 50 25 68 28 53 35 45 11 31 40 44 61 14 44 24 35 65 22 10 33 6 62 45 27 8 35 40 23 17 44 45 34 0 38 30 17
42 35 38 31 44 44 36 31 9 22 24 24 10 4 49 6 11 26 47 13 16 39 23 7 8 16 49 36 43 19 19 18 25 9 9 16 18 19 12 50 41 8 14 22 18 20 31 10 32 15 33 30 17 51 23 23 30 9 17 5 35 19 32 40 43 27 17 34 30 17 3 58 21 36 51 5 38 0 21 21
25 31 33 12 24 23 17 13 21 9 33 40 22 19 48 15 10 46 58 16 11 43 26 24 13 7 58 35 24 4 31 9 39 27 23 35 4 2 14 30 20 26 19 43 39 5 44 18 23 8 49 29 30 30 14 40 31 29 9 16 36 25 20 19 36 48 17 41 24 33 23 43 17 18 61 16 30 21 0 17
41 15 49 17 30 32 34 30 27 9 18 45 28 22 63 16 14 45 42 8 7 25 38 18 18 20 41 49 38 20 39 8 46 21 16 36 18 17 9 35 29 20 8 41 35 12 51 11 40 20 37 12 19 40 30 44 14 28 9 18 50 10 12 30 22 47 29 25 9 22 24 38 0 35 45 17 17 21 17 0
Cost:  2822
Route:  0  77  8  79  42  43  40  34  63  48  57  6  16  65  45  59  23  28  46  35  64  67  36  73  70  10  72  18  53  37  38  32  13  58  2  74  33  71  27  50  31  61  19  62  11  20  14  21  41  76  68  56  52  69  17  78  25  49  15  9  22  3  12  5  60  30  47  1  29  4  55  54  66  26  39  24  51  7  75  44  