100
0 5663 0
2339 2350 8
779 788 10
2702 2714 1
4017 4031 6
3244 3256 9
100 106 10
160 166 4
500 511 7
4585 4603 7
378 394 7
2854 2865 2
3269 3278 5
4726 4743 6
5238 5249 5
1995 2003 1
5473 5483 5
1669 1675 3
1322 1331 10
2393 2402 3
2519 2534 4
1879 1888 5
5336 5346 3
1204 1217 5
3303 3322 9
3688 3703 3
1266 1275 3
3957 3966 3
3071 3084 3
707 715 9
4520 4531 5
5132 5138 7
5267 5280 8
3044 3050 8
626 642 10
2196 2207 2
412 430 8
1628 1635 1
2499 2506 1
5088 5104 2
917 924 7
1103 1115 8
4164 4180 1
4072 4085 7
2799 2812 6
588 599 4
2945 2961 10
5225 5238 4
2053 2067 10
3164 3179 5
759 769 4
239 254 8
1011 1024 4
4503 4508 9
1778 1785 2
2613 2636 8
4482 4494 5
1921 1936 2
4205 4214 5
3512 3524 3
1594 1611 10
1427 1436 6
2256 2263 4
1405 1410 2
4980 4989 8
1027 1040 3
2033 2046 4
1804 1819 4
2118 2135 8
1008 1019 1
4627 4638 3
3605 3623 8
4360 4378 8
335 345 2
3578 3588 5
199 209 4
1454 1465 2
681 693 8
5385 5394 1
824 842 10
5021 5029 4
3376 3387 8
4261 4271 7
5163 5177 3
2628 2636 8
4445 4456 5
1701 1718 8
3776 3792 9
4535 4547 2
535 544 7
1534 1544 6
4819 4827 3
4612 4623 2
4109 4121 3
3410 3428 4
4911 4927 6
471 476 8
5563 5571 2
336 344 3
3889 3898 6
0 88 10 55 67 63 95 87 63 60 11 94 62 19 19 37 79 41 20 5 79 60 86 68 70 61 67 6 66 35 52 98 36 91 12 45 12 18 87 37 10 7 26 51 60 51 95 80 52 49 50 18 53 92 93 99 77 74 51 39 31 48 1 90 49 67 6 20 46 93 73 39 19 74 4 10 3 77 7 99 79 53 88 28 4 7 44 69 24 22 85 29 84 60 10 16 72 43 83 76
8 0 62 73 51 56 64 67 29 68 23 35 24 47 79 58 7 97 10 45 49 58 86 54 93 17 93 98 45 15 55 55 49 39 80 52 2 95 23 83 92 65 92 57 42 39 57 50 77 10 84 25 65 46 77 80 10 73 97 31 23 92 1 91 61 54 89 79 47 59 31 83 78 36 70 36 99 98 31 14 88 79 61 95 55 2 16 95 96 13 24 41 89 25 2 16 17 24 3 40
77 43 0 23 64 19 35 44 86 46 27 24 85 39 29 26 73 97 37 1 59 25 72 63 92 1 39 25 6 32 2 14 69 25 94 44 80 69 78 42 77 78 56 58 94 78 76 91 73 96 51 73 54 30 37 31 75 6 17 9 52 28 42 80 5 71 74 69 68 82 9 97 54 22 67 5 69 84 4 29 27 29 15 71 70 94 5 26 52 8 89 48 46 10 95 45 34 11 90 42
20 88 15 0 82 53 35 11 33 5 45 62 89 63 30 21 72 18 30 46 98 25 22 75 55 49 17 36 16 59 19 73 59 30 27 24 53 55 40 23 24 7 36 11 98 46 26 14 60 94 71 81 91 87 62 18 81 53 32 99 9 92 82 96 23 64 82 50 74 22 14 22 84 25 40 77 44 66 70 92 92 60 58 79 70 64 92 79 96 15 53 80 76 1 1 10 68 94 34 65
25 6 9 30 0 27 42 9 44 7 14 35 55 10 99 43 91 97 90 85 25 65 78 8 10 72 87 68 12 77 17 92 89 87 55 52 28 45 72 15 36 98 93 44 75 30 7 13 26 63 32 1 58 32 69 76 83 2 79 23 94 95 93 59 21 21 20 42 8 76 65 53 39 77 80 79 73 54 92 53 14 31 19 9 58 98 7 70 36 60 48 57 97 58 78 55 52 13 62 22
31 15 63 74 68 0 75 48 91 28 90 7 19 64 82 99 98 4 92 2 88 5 3 17 36 31 31 13 4 83 89 10 72 30 74 69 86 6 64 14 18 24 66 18 83 54 61 29 9 74 57 54 56 63 94 79 86 92 75 89 23 92 43 21 4 60 65 71 44 83 56 77 51 68 88 33 68 9 19 19 66 30 94 67 15 15 10 43 88 79 51 40 41 64 37 21 92 69 40 98
74 43 33 27 87 37 0 46 97 5 37 27 75 95 70 63 69 10 57 70 12 20 89 73 49 91 19 60 23 45 88 91 59 34 57 95 27 96 91 65 24 6 71 78 19 83 26 72 71 78 34 31 15 44 18 93 26 79 77 19 64 61 21 25 45 98 38 40 80 1 73 7 53 9 6 56 74 13 51 23 16 96 83 67 20 62 4 96 11 50 94 99 80 53 72 88 84 76 12 89
49 19 29 3 4 89 62 0 7 36 19 90 91 15 20 47 44 10 94 49 30 92 92 98 87 12 4 70 87 40 53 75 41 63 59 94 26 15 16 85 38 90 52 31 55 91 84 12 77 76 43 36 73 2 23 55 49 15 2 54 83 34 91 31 39 56 93 62 16 31 2 63 99 77 76 35 2 68 44 13 91 62 58 97 65 77 18 77 62 31 11 48 45 47 5 71 40 13 58 38
55 72 76 38 76 74 50 95 0 54 81 18 85 70 51 30 19 3 11 73 18 99 37 18 75 32 63 85 98 27 81 56 22 99 45 80 50 38 19 86 63 72 20 69 71 83 3 50 57 69 58 69 70 75 1 93 89 59 99 97 31 69 13 68 28 73 8 77 55 24 52 27 58 68 72 2 46 2 31 64 22 41 91 89 39 36 29 19 18 23 78 64 54 98 94 55 28 2 38 14
25 1 62 73 26 55 11 20 33 0 89 13 48 86 53 95 20 47 60 10 43 41 53 38 54 90 3 91 88 81 22 41 78 85 26 35 68 95 31 58 95 26 18 81 13 18 81 5 16 64 1 71 31 60 22 48 38 97 56 62 95 84 32 77 41 71 30 11 77 99 65 81 64 10 53 82 50 38 55 83 30 49 26 2 22 7 57 29 58 68 6 28 23 59 76 28 13 97 77 29
2 5 44 48 61 35 74 11 48 12 0 1 90 58 59 14 2 63 27 4 82 57 43 71 50 46 66 3 75 16 65 6 52 69 94 26 24 38 87 56 50 34 66 51 40 79 63 52 50 88 7 36 80 37 32 87 35 17 6 3 95 27 78 53 87 55 59 70 74 15 13 51 82 24 30 25 85 77 38 95 69 85 63 11 55 6 21 79 38 55 86 63 44 58 93 97 33 5 15 56
75 60 73 61 30 8 94 94 80 55 3 0 74 44 21 92 78 57 20 64 14 25 42 24 22 79 4 35 14 97 64 64 92 16 69 70 36 63 13 52 23 13 49 50 1 46 88 77 79 8 97 66 54 51 76 36 64 4 98 70 57 41 32 28 54 83 10 42 19 59 27 7 75 12 16 83 73 69 66 98 78 47 62 28 7 35 61 44 17 32 42 87 27 30 54 93 50 38 91 48
16 46 43 14 78 4 93 68 55 1 4 23 0 19 83 52 53 53 80 3 41 19 14 5 28 97 44 74 23 3 45 67 67 55 79 79 54 62 58 12 88 7 8 72 28 34 45 97 54 76 16 53 37 70 83 22 50 37 97 8 85 98 60 85 94 84 34 84 41 82 78 27 41 61 72 30 65 29 81 43 83 87 76 67 83 47 13 96 93 91 94 89 62 46 67 38 93 26 83 1
25 56 67 78 15 64 66 35 85 49 76 10 25 0 14 19 57 21 11 11 61 49 51 16 21 49 68 26 12 43 29 22 77 3 12 7 21 42 93 16 23 64 14 10 56 37 32 24 79 12 44 14 75 62 67 84 43 8 18 28 33 30 65 97 52 38 26 72 39 90 89 82 49 44 29 64 24 12 90 63 33 50 81 9 42 91 29 54 73 98 98 84 81 42 47 21 31 66 45 10
30 54 1 98 43 86 24 28 27 11 50 31 16 99 0 39 4 12 16 33 63 26 23 51 60 28 47 4 68 95 71 84 17 59 4 3 20 41 64 26 29 53 86 59 9 66 70 66 56 48 42 85 83 58 71 20 70 62 1 43 81 45 4 21 91 57 66 34 30 96 39 86 9 11 33 85 41 29 50 61 70 43 75 41 81 67 52 85 54 3 2 34 93 20 23 42 27 37 6 43
66 52 96 51 32 12 70 48 22 53 98 86 4 27 16 0 14 60 26 76 34 35 95 6 6 26 60 40 11 88 28 58 51 87 32 12 94 8 37 30 53 98 93 75 71 40 36 27 22 91 51 32 56 97 71 90 25 81 59 93 56 9 76 72 71 70 37 27 61 96 28 89 29 7 41 53 43 97 93 65 31 38 15 57 39 16 5 6 53 39 75 36 55 21 76 4 46 99 21 87
14 99 3 9 83 93 22 52 29 50 65 7 37 21 34 48 0 12 12 83 17 22 41 62 81 51 87 36 46 9 8 95 34 56 44 22 81 94 7 20 90 93 57 92 64 13 63 18 7 7 55 18 79 44 60 97 61 18 10 52 52 49 56 37 66 95 28 72 88 7 51 88 70 1 21 41 23 53 9 9 55 58 21 28 17 8 27 30 21 54 84 69 22 13 31 1 35 80 80 86
27 20 43 75 47 76 58 34 5 58 47 58 82 90 25 7 89 0 25 43 19 16 59 79 20 21 62 50 39 39 27 12 25 84 39 88 69 35 99 66 87 98 59 70 83 12 74 89 90 45 9 13 61 25 26 14 89 60 78 89 68 66 90 46 86 3 73 12 20 79 35 84 35 92 25 36 36 16 55 4 90 15 13 3 27 13 30 55 33 97 58 4 21 27 89 68 59 73 88 88
68 9 20 53 70 79 95 2 99 53 89 31 84 48 62 8 27 43 0 61 59 31 74 43 13 62 3 13 39 59 84 12 9 80 85 31 39 65 98 4 48 50 34 65 94 82 44 31 1 27 79 84 80 34 23 37 50 89 57 81 6 11 56 68 49 52 9 56 62 38 31 27 75 78 82 33 53 40 96 9 63 72 43 39 35 8 64 37 4 46 53 8 92 25 23 66 13 70 40 76
90 20 58 26 70 4 89 84 8 47 53 51 79 99 30 35 48 60 44 0 1 38 5 30 9 22 84 22 14 2 83 97 54 74 79 11 59 95 99 58 65 43 13 96 86 55 40 52 44 5 75 87 60 49 25 17 77 24 29 75 67 63 93 7 22 69 34 1 26 30 94 11 75 70 25 4 50 40 29 8 68 65 34 69 42 89 7 33 58 46 4 21 58 24 83 70 98 98 63 12
8 5 79 7 97 15 56 56 37 78 42 26 44 4 25 26 70 92 23 22 0 98 35 35 74 20 5 9 91 89 54 11 98 88 71 71 35 81 62 96 59 39 42 37 41 68 47 9 72 93 94 44 63 4 80 94 97 4 44 25 52 69 37 54 7 64 61 47 82 60 54 76 26 55 81 43 1 9 33 58 39 59 7 43 93 8 18 46 4 96 51 75 60 27 17 62 70 85 96 29
75 43 75 92 26 44 7 82 87 22 48 50 83 12 1 8 18 45 98 13 87 0 94 84 8 55 75 92 27 73 32 48 69 96 1 86 26 34 27 9 22 82 84 74 87 49 60 39 23 98 60 72 63 73 13 77 19 38 82 8 83 38 92 42 96 92 88 34 20 93 97 48 6 50 69 20 46 35 1 91 86 99 51 95 97 54 28 28 44 56 64 64 2 44 74 92 94 26 39 77
74 73 22 65 33 91 51 64 19 51 26 65 19 71 26 4 66 30 4 26 24 59 0 45 82 13 7 16 15 38 18 70 22 37 72 73 65 97 65 81 53 44 82 27 34 52 25 9 88 51 81 20 32 23 83 16 48 62 36 34 70 56 18 61 78 23 76 64 29 67 7 53 12 73 99 17 42 57 45 8 60 63 41 91 25 19 60 66 94 52 47 69 52 20 57 10 92 61 12 55
16 83 9 8 37 30 88 52 9 72 59 52 99 3 34 59 26 26 88 84 51 56 32 0 76 18 58 25 39 22 31 98 70 1 94 74 6 46 65 35 91 43 25 61 2 26 48 38 56 2 76 55 80 59 87 56 65 40 25 10 55 14 3 20 88 67 15 17 74 84 64 39 63 99 76 52 92 35 63 86 83 63 21 44 17 63 76 11 32 46 82 67 14 86 94 69 52 58 86 92
75 21 98 61 33 72 60 41 85 97 92 20 39 32 84 35 76 44 14 80 82 81 93 64 0 63 59 17 57 23 40 72 92 18 15 64 27 45 85 23 71 11 93 26 1 10 74 51 43 34 90 64 91 31 48 60 86 9 24 20 6 62 1 12 79 72 62 62 84 80 71 41 48 53 32 41 42 13 42 81 24 59 96 68 85 73 12 8 75 83 47 37 27 55 27 42 71 28 48 4
70 44 87 31 67 67 42 53 53 68 97 4 46 68 35 82 46 86 64 13 15 4 73 9 73 0 5 19 52 31 15 84 86 75 73 78 83 2 20 53 48 20 55 7 89 10 87 68 92 9 76 67 31 47 92 84 4 49 96 88 71 17 98 96 13 42 84 3 55 83 85 53 9 43 80 23 61 72 66 28 15 19 56 62 41 1 71 87 79 82 60 79 71 41 63 22 87 2 19 9
59 88 96 55 36 53 57 41 19 48 49 15 93 32 98 70 74 40 52 57 92 34 48 88 68 15 0 91 28 16 3 54 84 14 74 59 17 86 2 26 13 81 82 37 41 5 55 42 67 49 31 21 49 34 94 52 32 28 52 87 22 23 83 60 28 84 99 32 28 71 15 70 95 67 42 84 28 13 86 73 22 10 3 60 50 49 98 52 10 27 44 19 23 83 11 32 29 76 98 75
54 44 34 64 49 91 45 37 65 91 24 50 39 1 80 71 13 19 56 1 97 47 40 20 22 1 97 0 20 68 65 22 97 81 38 35 12 82 93 58 99 33 78 35 12 25 48 7 12 9 43 32 47 88 15 2 20 6 89 55 75 97 3 97 54 35 2 11 24 91 38 63 93 97 64 90 85 52 35 72 74 14 99 10 44 62 2 32 81 85 86 84 18 93 61 20 65 93 96 89
95 75 45 38 94 20 26 33 84 71 57 25 22 97 71 25 31 22 79 95 46 68 23 20 13 81 37 3 0 41 87 52 56 94 66 49 62 99 73 43 45 69 57 1 12 20 2 51 61 90 80 25 52 16 29 4 87 84 75 39 47 99 59 25 50 18 37 39 10 85 26 3 2 24 29 84 17 69 45 77 11 20 49 19 32 18 25 64 50 85 20 44 97 61 24 17 99 67 51 37
96 33 19 75 86 37 56 76 57 23 52 29 24 17 95 53 81 99 9 79 93 71 13 6 57 52 22 1 1 0 67 45 50 37 4 10 47 58 61 50 37 50 83 99 80 28 51 92 52 78 38 42 22 83 34 6 73 40 83 48 91 10 93 49 26 74 36 76 91 49 16 91 74 27 50 71 56 28 83 9 43 52 76 9 38 3 82 4 86 73 63 83 35 1 78 57 90 93 24 19
7 33 20 20 9 18 88 28 14 19 31 24 14 11 13 60 70 95 88 23 48 17 84 86 92 85 80 91 70 87 0 72 5 76 30 24 58 14 27 44 12 18 53 50 11 30 31 80 36 21 74 42 53 80 5 35 68 71 14 4 56 79 57 32 40 61 24 21 17 51 49 95 32 21 4 8 74 47 13 54 24 9 7 80 54 84 1 37 11 19 21 69 50 37 93 7 7 38 13 35
3 51 12 28 1 40 37 35 44 28 31 7 59 9 42 58 51 47 13 20 14 71 1 66 28 55 58 78 39 83 57 0 11 74 20 69 71 86 96 20 39 63 25 84 59 21 13 50 30 1 7 64 58 55 10 88 15 94 19 82 6 29 47 31 95 24 32 88 48 6 19 88 53 9 48 65 55 49 82 59 90 26 61 27 39 99 38 64 23 69 4 66 59 31 13 22 55 31 1 35
41 68 31 31 46 59 92 94 70 40 1 37 30 27 72 39 27 83 55 12 88 49 66 44 23 72 76 53 53 17 94 47 0 52 20 19 93 19 46 66 89 62 98 41 59 89 82 64 50 80 76 81 16 58 90 28 59 56 35 5 90 35 78 29 97 84 75 36 4 65 21 44 39 20 31 38 46 56 12 95 39 58 93 86 67 67 53 85 71 49 44 14 6 24 76 53 21 29 86 68
25 75 44 57 90 21 69 32 34 31 55 45 98 77 9 27 78 17 92 79 63 18 33 36 30 59 8 23 24 59 36 7 71 0 32 97 41 93 15 49 13 94 51 87 83 80 97 38 49 90 85 98 72 57 1 36 23 35 24 31 86 53 33 42 16 23 26 41 77 16 46 14 22 57 11 48 79 5 93 39 45 16 31 2 4 9 44 32 36 71 37 40 16 74 61 20 90 80 36 49
3 54 55 90 69 66 89 84 15 80 28 83 90 64 23 12 39 11 24 62 52 57 75 8 60 68 77 18 85 50 12 56 17 94 0 47 11 30 15 9 86 97 93 39 93 51 81 54 91 98 21 89 66 66 78 57 24 6 75 84 48 58 63 73 67 47 47 88 12 68 59 80 38 26 62 47 91 49 88 87 86 23 13 63 71 71 35 11 94 65 20 9 18 74 22 19 32 55 5 7
21 7 40 37 96 21 97 85 24 26 41 18 29 37 66 67 19 86 66 22 95 38 55 67 79 91 9 70 36 65 2 94 68 83 15 0 31 84 47 93 80 13 69 47 78 35 96 63 34 35 13 83 29 99 98 74 58 86 87 26 39 83 55 16 45 28 96 30 81 77 85 34 61 85 70 14 5 10 64 53 87 72 1 64 54 61 17 34 37 98 26 22 5 22 13 89 94 69 8 70
49 14 23 17 82 94 7 19 24 27 23 82 7 70 69 12 53 28 84 58 33 92 35 54 60 16 71 46 99 17 28 15 11 58 61 67 0 24 13 87 38 96 97 46 43 60 33 27 8 81 86 19 61 53 42 14 38 17 74 70 97 67 14 92 80 32 13 74 95 42 66 59 68 77 31 31 55 31 54 97 11 51 36 45 92 97 70 62 91 37 14 23 6 32 92 3 48 71 36 94
31 17 71 76 69 26 54 81 41 70 90 62 13 65 70 65 69 36 38 71 90 40 59 38 64 63 10 6 3 78 83 42 10 13 85 83 4 0 54 43 16 19 88 87 37 96 69 81 62 80 37 42 47 64 16 36 35 18 78 26 82 32 1 61 82 93 12 3 27 6 97 3 5 92 57 25 56 19 36 92 48 90 33 28 58 67 49 18 61 7 13 96 59 65 62 30 83 10 68 62
29 70 37 91 94 3 27 38 45 34 76 96 1 38 83 30 99 51 35 36 20 64 37 67 87 34 7 30 94 21 61 78 57 39 6 56 54 99 0 77 34 42 22 67 84 14 54 57 89 2 71 38 99 84 11 32 90 12 41 56 48 13 45 57 97 32 98 59 56 88 37 77 53 80 52 25 94 31 48 37 98 94 47 76 41 14 88 83 32 54 76 31 98 12 89 90 26 56 17 42
73 71 98 22 15 72 12 17 48 67 11 9 24 79 87 39 14 75 5 48 16 96 51 33 66 1 28 1 83 43 42 37 87 29 96 90 37 43 46 0 39 27 97 66 39 85 84 58 61 11 55 35 4 41 28 73 77 3 56 89 63 29 62 66 39 50 97 21 54 42 10 80 35 69 92 12 20 56 19 91 93 66 95 69 15 38 30 21 67 35 67 27 48 22 16 45 48 63 87 17
21 4 71 77 92 10 23 22 80 67 60 31 30 83 34 29 11 37 62 17 56 91 69 65 62 26 51 41 55 41 65 12 66 47 45 17 86 32 31 74 0 22 62 95 44 21 7 4 71 78 77 42 89 97 42 40 14 32 41 30 30 24 66 4 83 15 10 10 26 79 9 34 67 59 41 67 91 88 72 92 63 89 91 17 51 52 66 61 37 51 41 95 79 67 93 83 10 2 21 56
90 35 65 28 33 23 68 44 72 89 83 24 35 6 87 40 17 31 73 61 68 90 69 84 74 2 80 76 46 40 45 53 35 75 66 4 37 19 9 72 60 0 39 84 71 71 85 71 67 92 17 14 64 94 56 61 88 99 61 80 17 71 20 53 20 55 18 22 83 78 44 1 63 96 71 99 81 53 11 49 27 64 76 43 16 90 32 40 34 29 76 54 86 48 57 81 28 6 96 81
84 12 36 68 13 94 14 21 50 28 22 98 77 61 57 67 13 52 60 21 47 54 20 71 42 62 47 92 71 53 44 86 83 74 41 82 65 66 75 88 41 91 0 9 4 42 72 95 8 29 7 83 79 14 76 47 27 96 32 61 68 81 25 48 56 29 47 13 80 43 5 44 53 44 67 35 74 16 16 99 3 64 27 94 45 33 8 10 5 69 63 82 53 9 63 42 95 94 92 55
37 77 92 22 75 90 95 17 2 28 54 37 34 13 60 47 94 87 37 75 8 46 51 93 67 13 49 25 1 71 48 20 49 50 91 53 51 75 15 52 81 45 21 0 11 9 74 77 32 28 19 70 18 9 75 90 82 58 71 28 12 33 42 16 58 27 13 58 6 67 16 6 87 37 12 64 77 22 63 94 31 87 95 88 37 40 51 57 21 72 98 29 74 25 77 48 66 70 83 31
94 91 65 24 91 84 53 11 40 75 72 49 1 26 90 61 99 75 42 21 28 20 23 98 3 76 62 77 94 66 47 80 67 34 10 73 89 50 39 25 84 45 99 57 0 74 70 41 96 72 23 2 78 28 80 61 78 21 15 97 92 39 50 34 60 93 72 4 50 84 64 35 87 12 85 92 93 39 31 59 55 31 95 40 52 92 65 40 15 68 21 83 26 99 72 39 93 18 81 2
18 26 38 82 19 83 58 67 32 26 5 37 43 85 3 63 61 65 97 35 21 6 87 79 31 35 17 62 99 48 79 91 16 16 33 87 5 62 24 99 7 22 78 98 1 0 92 57 88 41 54 9 44 5 40 78 22 51 36 10 12 94 75 84 69 61 68 24 20 89 67 41 18 62 69 8 32 3 38 50 29 40 25 35 8 61 7 92 52 66 93 62 70 12 62 49 80 85 77 29
7 96 49 47 75 38 99 38 48 15 20 95 75 2 8 70 54 26 15 34 35 49 74 74 20 30 83 59 11 94 57 42 8 82 44 17 48 96 84 73 51 51 41 96 31 17 0 70 1 24 12 13 98 60 21 8 32 78 83 91 51 88 24 33 59 36 64 28 74 55 17 50 96 73 86 62 2 66 10 47 4 14 90 25 68 29 60 96 22 88 15 45 24 56 63 49 89 58 6 63
51 98 94 72 20 33 27 90 92 87 20 97 85 24 12 83 16 11 1 26 66 90 29 30 4 6 26 72 66 2 97 42 56 41 25 85 48 24 75 51 62 10 33 23 42 9 37 0 45 35 27 4 85 56 59 11 25 72 73 37 49 60 64 88 27 9 47 3 66 95 70 41 1 6 16 79 83 30 35 87 86 86 83 27 83 6 27 35 77 69 80 18 84 66 1 10 83 35 93 1
58 77 79 61 51 47 13 99 40 31 2 70 46 17 6 22 98 25 81 80 90 70 94 95 3 3 67 41 15 51 35 28 74 48 14 87 90 66 33 37 71 76 46 8 54 71 87 12 0 71 70 48 35 47 7 46 87 84 35 31 54 22 95 88 23 51 94 85 59 34 22 28 82 91 81 2 56 50 50 21 35 2 18 14 71 9 68 85 69 82 35 53 31 80 87 52 42 72 79 1
12 76 74 79 21 69 84 47 64 2 83 81 19 59 17 6 91 31 86 53 13 25 44 20 22 33 81 77 55 9 75 19 64 64 38 45 62 48 74 40 57 64 71 90 16 89 12 40 43 0 36 75 33 17 60 19 53 84 6 41 61 99 58 86 20 1 43 87 26 93 83 48 28 61 36 96 24 79 80 52 94 63 85 61 83 20 16 65 61 90 94 53 84 47 58 89 93 85 16 5
29 46 17 12 39 4 10 7 9 50 65 63 73 15 6 72 15 41 55 49 47 47 47 3 33 63 80 63 38 56 18 33 27 86 15 8 76 77 20 30 55 39 9 97 23 1 20 75 32 20 0 91 23 66 13 22 46 24 47 10 1 50 99 51 40 51 67 92 34 2 90 34 1 52 99 11 73 83 6 60 79 26 48 48 7 89 21 57 37 50 72 97 88 10 17 11 80 3 50 63
18 9 50 97 15 37 78 99 36 77 55 71 52 89 72 26 12 97 82 67 5 2 93 85 90 19 12 40 99 24 72 81 93 86 77 10 13 1 37 94 46 99 13 67 87 20 20 60 97 62 51 0 62 45 81 69 12 36 5 22 40 45 77 40 47 4 41 49 7 16 5 69 11 85 47 35 96 67 27 64 56 91 98 30 31 19 35 75 68 63 83 69 22 40 6 13 88 58 12 12
51 20 27 53 18 42 23 18 40 85 36 2 1 91 22 81 52 50 30 99 85 50 77 31 90 98 48 72 58 2 51 6 63 92 8 79 70 9 19 72 36 55 62 81 56 84 52 30 3 75 84 26 0 73 28 29 71 41 77 32 85 46 21 48 20 14 82 53 70 30 97 95 46 41 73 40 81 96 83 98 15 58 19 25 37 62 22 82 56 37 92 60 55 83 63 44 34 23 53 91
67 63 38 80 48 73 26 66 94 94 24 79 64 9 63 42 67 95 93 83 96 67 87 23 45 30 12 67 8 70 7 5 51 82 42 69 59 55 32 69 30 62 45 90 81 24 32 3 38 40 12 71 51 0 26 67 32 68 42 2 32 18 8 9 53 35 46 1 73 14 53 50 47 40 20 94 57 94 6 27 86 24 14 56 31 82 12 86 31 70 52 98 59 30 18 52 79 54 72 7
49 46 60 1 75 49 48 33 16 86 7 23 3 7 45 37 98 45 10 88 25 26 38 61 62 46 76 26 20 20 63 20 87 34 85 70 77 90 60 11 7 60 36 66 64 55 17 45 73 49 62 25 52 75 0 13 8 4 6 2 86 7 93 15 3 6 59 27 5 73 64 10 79 87 70 61 67 98 39 70 1 36 59 35 60 69 94 49 70 18 31 10 22 3 74 4 88 34 16 60
1 80 1 68 34 72 96 38 48 77 91 32 44 3 45 81 28 7 15 86 5 63 90 43 98 89 90 93 97 73 18 47 66 81 39 18 50 98 26 13 34 36 78 66 47 34 93 77 59 43 60 48 18 83 62 0 99 92 70 56 99 99 23 84 47 73 70 61 13 18 22 29 38 68 41 10 97 95 63 42 93 99 54 69 3 88 65 3 68 50 76 69 47 48 68 50 11 30 41 21
41 81 89 90 80 63 17 71 72 52 11 70 52 11 32 94 40 64 16 47 24 54 71 89 16 23 19 56 96 87 60 63 92 20 88 21 97 56 34 12 7 13 22 49 47 53 7 80 85 3 88 82 90 13 86 84 0 37 96 71 4 31 69 56 85 27 79 99 68 6 6 79 81 16 63 55 27 66 43 54 31 66 91 35 72 18 12 7 75 93 26 93 67 50 36 34 95 85 42 20
9 27 86 21 71 75 41 71 35 34 14 74 7 57 16 65 30 9 68 68 19 35 70 40 51 39 69 67 58 13 29 67 57 81 66 99 47 15 39 56 9 43 50 42 29 78 13 18 71 71 48 81 31 29 43 82 98 0 39 85 6 43 71 85 24 44 90 65 10 14 81 66 70 56 66 23 2 20 20 64 58 2 79 15 79 1 3 82 87 73 69 85 53 70 34 93 47 63 90 60
36 43 55 82 57 4 79 61 68 8 72 48 96 13 64 13 95 12 10 12 75 63 61 96 55 79 42 68 13 9 72 47 41 76 52 4 22 10 9 65 47 4 67 9 13 66 23 38 59 42 48 30 94 60 32 74 28 89 0 31 79 30 49 29 88 65 57 20 16 51 40 79 42 29 18 7 4 73 67 14 14 11 46 52 19 90 36 5 48 52 9 15 4 8 13 78 4 97 4 85
15 96 14 26 42 29 66 56 8 11 23 93 20 40 40 96 27 57 3 85 29 50 91 16 32 80 26 99 64 98 87 54 92 82 15 98 86 12 81 48 44 44 65 46 76 48 91 1 95 66 11 2 36 54 42 1 83 68 49 0 54 85 82 40 9 81 32 43 42 65 93 89 31 85 61 90 90 87 29 2 71 4 58 93 47 15 69 70 5 88 31 78 6 97 90 51 92 93 20 92
88 25 69 51 74 75 28 46 3 77 57 96 59 19 78 58 51 97 88 17 84 71 88 20 36 11 43 94 96 13 64 40 46 85 46 1 4 26 47 14 28 36 79 99 87 53 94 62 87 89 83 54 29 71 73 30 61 90 47 91 0 27 89 26 9 54 71 37 76 3 41 61 31 52 92 54 49 17 90 35 68 61 4 26 50 22 48 80 56 11 21 22 35 46 85 81 24 3 76 13
90 41 32 93 56 53 36 45 92 63 28 40 54 15 39 56 88 31 63 53 61 73 76 59 23 30 16 24 50 20 47 79 69 77 68 27 82 18 44 93 41 92 35 83 91 28 68 18 5 54 38 17 54 16 53 75 34 74 55 48 57 0 59 81 20 62 30 13 85 2 43 79 52 87 25 42 22 49 51 85 33 99 8 22 53 88 59 52 54 68 58 60 45 9 75 13 59 93 38 69
24 77 39 68 10 40 42 35 97 88 41 64 90 32 43 63 90 64 19 22 23 98 24 5 72 86 29 21 3 54 37 5 9 75 46 64 19 73 68 30 71 10 37 43 98 46 47 55 76 19 76 34 16 66 68 68 81 23 46 28 53 15 0 58 94 44 45 85 96 32 96 1 50 76 65 18 61 68 22 27 59 19 64 41 20 70 49 69 51 29 41 90 96 4 40 3 43 69 14 73
25 59 19 16 66 44 83 25 79 49 50 33 10 31 31 32 64 21 68 89 9 35 74 18 98 45 65 63 1 92 98 39 98 37 12 31 88 23 6 97 52 60 16 33 57 60 82 81 57 10 79 17 33 90 11 93 10 98 61 14 36 24 34 0 47 83 41 80 77 26 3 99 20 5 82 1 56 82 70 43 60 3 73 77 74 58 31 45 35 8 3 2 74 4 20 79 96 20 19 56
31 85 76 70 48 56 59 54 79 93 50 5 83 41 31 63 47 35 96 47 99 64 38 99 92 22 92 29 53 30 47 91 96 94 16 89 3 68 79 19 24 52 35 84 71 19 62 74 13 86 34 11 14 67 13 50 60 28 96 11 71 53 4 7 0 40 82 48 92 4 89 95 53 54 65 67 96 64 60 80 34 6 44 11 33 4 68 37 58 74 51 19 28 42 12 86 89 54 47 90
14 32 80 54 66 1 3 10 97 42 19 52 31 48 31 34 64 75 28 69 10 40 72 23 65 66 42 83 31 61 74 29 61 75 62 29 3 4 10 17 78 75 97 30 6 80 77 20 38 78 73 14 69 92 83 66 58 96 39 13 83 3 6 76 23 0 87 87 60 27 78 40 34 2 58 97 32 15 78 99 69 33 15 18 34 85 50 77 57 64 20 61 3 56 84 3 52 14 13 17
67 38 95 28 41 77 5 40 71 94 93 40 34 60 47 77 51 37 57 70 78 41 36 81 22 26 1 10 4 95 86 41 34 63 22 84 57 57 80 61 45 58 70 47 76 28 67 67 16 87 32 60 43 95 98 75 62 82 61 56 62 96 95 90 71 37 0 2 79 97 97 68 42 95 62 98 59 52 72 63 72 44 48 41 67 86 53 61 39 69 34 31 73 92 92 59 63 31 39 69
58 70 82 30 83 68 17 8 1 25 91 45 43 99 28 93 48 22 42 32 3 72 95 1 27 22 60 25 59 16 75 69 55 45 16 38 57 88 57 48 12 27 30 42 96 77 96 94 64 75 39 56 51 84 85 63 17 69 89 42 37 42 36 34 15 58 98 0 23 94 25 63 9 33 12 96 98 94 17 29 9 93 84 88 26 98 10 4 47 64 80 37 96 59 42 22 88 54 72 88
40 94 52 79 80 49 23 28 94 45 26 26 5 94 13 84 65 71 83 99 30 1 47 67 96 97 76 18 34 30 49 27 15 46 27 65 34 44 30 67 90 46 26 32 5 65 57 28 15 35 14 30 46 48 43 12 82 43 73 89 46 88 16 95 68 44 51 82 0 85 95 64 22 30 66 64 19 71 53 30 85 81 61 56 21 8 11 26 19 69 34 5 61 30 1 98 32 64 69 53
70 69 96 54 98 82 96 13 65 55 92 89 80 8 8 17 23 53 82 50 78 3 1 5 97 14 49 90 36 78 82 60 16 96 96 37 44 36 11 62 65 19 21 34 1 3 27 82 44 41 57 6 3 11 65 38 6 81 74 48 61 39 48 12 7 44 39 81 61 0 43 37 73 54 66 69 83 58 21 70 88 47 77 66 39 37 31 33 57 85 17 66 64 84 47 76 17 68 99 12
89 52 11 54 10 27 77 29 65 94 66 48 73 97 12 78 29 57 17 7 44 54 74 66 84 67 96 72 69 80 95 86 67 13 89 31 75 6 30 65 59 64 23 80 16 70 13 57 37 25 68 58 13 61 2 15 73 88 29 62 7 13 41 5 55 26 33 40 79 37 0 33 4 7 61 12 47 42 62 52 39 95 84 35 80 81 20 4 96 67 88 51 73 90 70 21 89 40 23 35
47 9 75 64 11 87 99 38 1 68 54 78 58 45 61 49 4 88 62 98 74 41 91 41 68 73 63 33 64 7 70 13 52 48 8 97 47 65 37 20 92 39 54 85 22 64 6 46 77 9 13 4 39 99 3 68 70 99 59 68 28 29 49 87 89 69 36 61 46 43 8 0 20 79 9 67 42 4 57 20 27 15 56 39 28 45 18 55 48 24 92 79 82 71 29 93 80 26 96 34
35 21 87 38 3 83 54 74 66 53 76 52 86 53 24 39 49 65 28 39 68 15 86 17 14 22 94 75 20 72 41 54 83 48 4 6 20 63 24 35 31 57 46 14 97 30 11 84 78 74 48 6 56 19 94 66 98 16 27 55 49 74 84 31 46 73 14 43 56 60 66 97 0 56 15 21 33 92 14 69 96 18 90 77 71 82 61 48 9 84 85 12 93 45 72 98 4 69 39 98
62 71 87 91 74 89 92 94 59 31 95 74 37 18 26 69 91 71 22 70 29 27 97 81 35 63 49 93 4 60 21 29 87 41 84 99 30 42 50 20 54 97 65 26 62 45 43 6 86 4 37 24 70 9 70 13 55 89 93 1 50 42 60 11 23 28 68 73 58 43 73 21 27 0 75 89 54 30 25 26 51 30 93 65 28 82 13 31 21 57 67 12 26 59 10 40 78 26 1 44
42 71 77 90 79 46 13 20 14 65 41 71 27 55 75 83 97 73 24 4 79 10 80 6 41 71 86 52 28 81 21 86 69 38 77 49 80 76 76 65 43 52 85 21 39 99 14 35 16 26 61 7 64 69 82 4 33 48 94 28 13 52 29 70 16 66 24 40 56 20 51 26 65 14 0 55 71 40 89 17 51 56 6 30 65 38 29 35 18 39 76 17 71 3 28 53 40 19 74 89
32 49 42 94 51 99 20 11 3 92 76 23 35 2 92 48 23 73 62 47 38 25 27 16 2 45 28 26 2 4 36 77 37 68 57 57 41 81 37 25 18 51 43 60 30 29 35 3 88 87 19 36 39 74 7 1 33 57 56 7 55 58 5 97 78 99 80 85 74 29 21 10 90 9 32 0 1 63 83 86 25 99 26 94 38 8 33 49 22 25 65 66 76 83 97 36 3 42 81 80
37 51 43 11 78 39 25 47 35 45 16 38 41 33 47 66 68 70 3 60 99 45 92 48 31 27 88 47 6 83 20 5 39 73 57 48 57 99 72 90 70 7 15 38 98 89 96 24 54 15 65 46 68 27 25 29 63 17 57 13 7 54 45 41 78 35 84 78 93 18 48 51 76 86 87 88 0 95 72 16 30 30 72 25 18 21 9 70 2 92 73 6 41 21 44 33 64 23 98 14
11 64 18 26 22 7 68 26 77 77 14 76 48 75 27 96 93 73 84 93 19 48 5 36 22 72 89 74 53 9 31 6 15 2 81 57 14 85 29 56 83 27 2 29 91 13 9 26 9 97 46 8 70 47 60 83 74 29 9 11 67 67 79 40 76 1 35 35 85 39 42 31 19 55 76 82 11 0 48 71 30 13 99 48 75 19 80 25 7 87 65 25 45 26 44 55 8 20 6 66
57 37 95 98 24 24 1 63 82 62 74 69 9 17 49 96 79 79 40 5 73 77 75 25 1 12 43 53 7 57 11 23 74 56 64 1 45 32 33 5 58 60 60 71 50 68 56 72 36 32 54 45 45 78 92 1 97 17 45 69 93 75 80 45 54 27 94 41 99 77 75 20 14 71 86 74 75 22 0 82 41 80 69 86 85 24 36 88 76 79 16 34 4 87 46 17 29 98 53 5
32 43 79 18 30 89 61 69 51 84 72 56 16 59 18 66 99 84 32 86 50 92 86 80 6 13 65 10 77 18 75 52 69 28 34 98 47 80 78 77 85 56 75 11 75 5 15 6 6 27 1 23 22 99 92 52 51 6 81 67 10 5 57 14 45 88 32 95 81 28 11 69 84 33 26 14 88 1 97 0 22 24 38 52 40 41 2 24 82 65 52 12 58 13 40 15 4 13 27 66
74 14 48 92 19 9 92 29 73 67 84 59 91 39 60 55 72 12 56 99 29 73 46 20 89 59 72 17 35 14 57 32 62 96 50 75 19 93 73 67 62 38 28 40 31 67 85 49 79 96 91 63 39 44 18 7 65 53 37 78 91 59 55 59 24 89 91 66 67 13 77 54 96 61 86 99 80 86 44 47 0 36 45 60 74 41 1 97 63 32 1 14 78 31 47 95 70 16 52 90
99 10 99 27 61 78 68 80 49 75 11 89 6 10 43 21 26 22 67 65 56 77 40 13 87 66 28 35 13 64 8 38 29 77 77 19 91 30 60 15 59 90 18 46 61 30 95 70 80 90 56 3 16 33 60 29 54 43 25 1 27 92 26 29 63 97 79 18 15 6 2 52 48 83 38 22 71 86 87 62 37 0 92 47 55 8 85 40 38 11 53 27 64 73 31 93 11 3 52 92
26 96 74 90 48 14 2 53 36 48 7 92 56 67 85 18 71 85 88 32 26 14 66 16 31 94 39 11 98 34 63 33 68 78 26 32 10 12 90 18 69 72 87 46 77 55 59 16 8 88 93 77 42 74 53 5 30 11 1 81 58 7 66 60 33 16 32 44 58 76 80 21 90 71 54 44 76 8 11 10 6 32 0 18 91 61 6 76 60 20 83 87 81 89 31 63 33 92 15 34
63 80 75 77 57 23 65 73 89 58 88 36 40 57 32 98 91 63 91 16 18 9 94 42 95 77 77 8 44 50 27 10 82 58 73 13 28 75 61 3 2 85 60 57 51 53 36 56 54 16 42 61 8 56 12 68 28 57 89 18 85 30 21 76 36 99 54 77 46 24 62 65 74 5 6 21 28 54 36 68 56 25 88 0 71 56 27 87 44 5 86 22 55 39 59 6 4 91 52 84
29 18 78 66 6 27 90 69 6 32 22 18 73 27 45 37 61 8 91 44 29 22 81 62 50 59 29 77 25 72 29 46 17 34 40 91 14 24 83 93 35 45 96 63 61 75 62 72 79 7 2 37 78 67 67 75 58 48 42 91 55 70 49 97 66 33 13 74 84 66 48 99 58 22 90 84 98 48 89 86 47 42 30 39 0 6 14 53 41 45 14 19 77 19 66 29 35 80 2 15
69 1 2 81 98 83 42 99 73 75 34 56 41 57 48 66 9 93 49 60 15 52 10 81 94 80 36 75 9 73 85 81 73 54 77 48 89 31 74 56 91 40 85 20 51 63 45 32 52 21 73 57 93 92 56 89 23 71 88 27 95 29 78 6 39 2 66 76 30 88 7 84 28 76 99 2 11 83 4 64 17 78 97 9 27 0 40 35 73 56 38 41 1 15 91 71 54 17 61 48
7 62 13 97 42 67 31 45 69 66 57 13 1 70 79 13 62 96 82 47 64 58 74 42 48 44 86 29 75 22 89 57 57 60 60 36 86 42 31 48 13 95 85 89 54 61 18 21 15 29 97 33 20 38 65 79 13 46 4 15 11 50 52 60 77 64 85 88 90 1 66 8 35 98 4 7 45 79 47 90 84 66 79 73 4 26 0 65 19 36 75 77 8 98 68 51 28 42 80 13
90 59 56 17 80 27 57 92 14 63 35 82 95 38 16 44 29 87 98 6 61 93 95 64 75 21 30 15 21 75 37 48 36 32 18 36 76 83 59 66 83 1 97 63 9 57 30 65 61 99 63 57 40 76 12 6 84 14 98 92 54 8 15 26 30 2 45 53 60 85 33 50 27 64 48 32 72 48 4 64 75 33 73 16 76 61 39 0 67 37 88 61 15 41 56 4 9 7 27 97
48 89 34 20 22 42 76 98 24 48 90 63 22 67 57 44 25 58 43 46 9 89 21 61 26 76 94 63 23 4 49 78 61 87 42 24 42 51 19 39 62 24 94 43 83 53 60 89 77 64 12 31 34 43 93 65 12 50 60 68 18 77 39 16 69 41 20 60 70 60 27 40 60 7 52 1 97 67 68 92 67 37 36 17 69 92 39 80 0 16 58 27 23 66 45 30 50 47 29 29
22 41 52 51 56 77 67 27 80 23 76 9 13 31 10 42 22 28 95 33 12 52 58 77 63 94 6 13 80 14 45 15 33 37 11 31 74 97 32 35 16 95 3 29 47 42 92 82 7 31 17 72 96 55 43 98 43 88 2 23 32 92 50 86 78 12 10 23 9 66 13 2 32 14 62 44 44 38 36 31 23 52 65 23 6 30 40 96 41 0 1 59 7 19 88 84 55 98 16 35
10 24 43 37 6 50 64 89 8 57 96 61 9 66 94 80 99 4 66 22 12 77 98 24 49 13 95 58 85 28 86 45 37 66 26 88 26 81 7 31 72 85 90 90 20 40 39 18 36 44 66 61 21 7 56 84 10 42 25 86 50 52 28 24 22 22 64 43 86 19 62 7 29 9 52 10 23 61 9 38 70 64 99 59 77 39 87 42 76 93 0 75 1 33 93 43 57 73 12 34
10 62 91 21 70 26 42 13 2 4 22 38 5 58 88 31 77 77 93 86 17 90 13 72 52 87 61 92 7 99 54 37 94 23 89 52 3 2 21 77 85 1 43 82 29 42 61 87 6 63 32 89 77 42 20 72 8 22 53 6 62 87 68 16 2 43 64 1 13 44 97 55 84 81 34 95 21 16 32 18 72 28 71 33 60 18 37 15 96 77 54 0 19 30 16 94 93 23 11 31
72 9 25 71 58 14 12 29 57 52 74 47 57 11 95 25 62 45 23 15 83 45 74 58 37 36 77 32 79 13 40 91 55 69 69 58 25 14 59 62 44 33 40 17 22 13 54 33 84 16 64 33 24 58 69 29 45 7 97 83 42 93 36 5 59 53 1 94 79 35 10 52 86 35 77 9 1 27 46 57 47 8 9 6 56 74 99 84 4 69 99 99 0 80 96 57 88 87 93 23
59 80 22 80 82 70 48 58 67 94 20 31 98 60 41 90 94 23 62 31 39 36 91 24 22 10 31 94 12 2 51 14 62 29 74 77 91 24 23 67 39 86 57 10 57 30 75 96 92 84 96 83 88 70 65 7 97 94 45 49 91 42 93 64 12 80 96 91 62 53 27 49 71 56 10 64 18 20 24 4 9 73 23 21 66 20 34 70 97 14 7 14 62 0 90 52 37 64 97 68
66 63 56 44 12 86 71 58 90 75 79 29 83 92 84 58 51 63 42 87 49 83 9 61 54 45 92 64 74 78 80 93 27 93 42 77 57 6 47 85 69 55 21 97 2 15 86 35 80 26 35 29 36 77 88 71 69 81 74 95 76 85 9 84 73 89 23 61 93 92 50 30 53 6 48 55 62 3 91 5 11 11 1 81 35 62 24 11 53 94 35 38 26 71 0 61 45 49 49 51
65 14 4 85 69 19 10 38 51 68 78 75 34 1 71 69 44 27 4 38 97 8 32 40 5 5 96 16 13 16 69 2 93 20 27 7 90 43 25 68 18 10 40 42 52 9 48 35 58 96 46 69 94 6 69 48 41 20 82 24 5 48 78 80 57 23 75 71 43 78 58 72 21 60 61 51 96 50 36 26 43 57 59 65 38 56 71 4 67 56 60 37 28 28 19 0 14 24 3 55
84 86 90 62 45 14 79 69 20 80 83 28 41 37 6 55 14 49 4 5 99 13 64 37 90 12 18 30 78 73 30 15 28 59 21 64 54 89 16 87 35 83 55 49 80 19 65 98 23 84 85 5 11 64 41 59 35 50 38 42 35 18 91 46 41 33 33 84 13 14 92 29 89 83 93 22 67 68 83 61 93 49 13 90 44 84 90 22 66 26 92 80 76 98 57 15 0 16 11 40
93 98 89 87 83 44 59 12 88 71 91 94 14 79 28 90 91 70 98 6 5 28 34 95 95 24 98 54 38 34 17 69 63 85 56 10 82 95 35 24 34 70 94 16 98 35 83 50 8 79 57 65 35 40 7 9 82 13 48 9 55 98 78 84 26 47 65 80 23 43 3 8 27 10 74 62 74 71 72 82 36 22 20 99 42 52 72 20 45 50 35 48 33 53 62 89 57 0 63 82
3 81 20 47 72 13 46 28 15 61 41 75 5 43 38 46 22 40 93 92 59 3 14 15 29 6 18 28 24 64 7 73 32 99 84 24 26 37 13 89 26 9 66 35 17 45 81 89 37 2 85 39 52 89 89 33 13 54 8 49 35 19 26 46 99 25 43 53 48 67 55 77 66 7 21 29 86 75 34 87 19 58 8 58 36 39 6 65 62 77 53 26 97 36 90 85 32 46 0 43
85 80 35 90 5 12 20 83 34 98 17 48 97 81 56 37 36 75 15 90 77 57 67 47 59 8 47 65 24 9 18 26 38 10 45 71 85 92 3 59 19 71 10 71 25 2 16 76 42 22 78 71 68 15 55 64 65 70 36 49 11 54 56 30 68 28 16 7 66 82 26 9 73 2 6 71 57 10 4 83 42 24 19 80 31 31 26 89 33 10 49 28 81 99 53 60 71 13 31 0
0 71 52 20 82 54 31 63 19 37 75 82 52 72 55 62 66 84 35 98 70 46 38 81 78 38 65 45 53 33 38 50 54 86 76 54 56 66 72 26 54 17 15 71 50 64 59 45 51 42 57 73 42 60 80 15 38 47 43 19 28 31 25 84 48 15 33 26 53 62 58 41 34 5 42 51 54 34 47 64 23 22 79 47 76 48 71 53 39 34 49 89 26 45 42 49 46 28 60 44
71 0 20 51 21 26 44 8 77 48 13 25 31 33 33 10 39 17 46 34 30 32 40 27 22 42 24 25 17 39 61 22 46 19 52 18 15 23 33 53 17 56 62 35 28 18 11 67 21 42 22 21 41 29 13 62 33 65 35 72 45 41 51 22 24 74 45 57 25 31 32 30 43 75 60 31 20 46 39 35 57 53 36 24 16 23 16 31 40 36 50 19 45 43 29 41 39 43 13 45
52 20 0 32 31 22 24 14 57 28 29 40 27 40 31 11 41 36 34 52 27 14 28 41 36 31 29 9 8 22 43 2 42 35 56 2 11 19 40 33 5 36 42 41 21 24 9 58 13 33 21 32 23 30 29 45 17 56 16 52 25 21 31 39 4 57 31 42 9 33 21 11 30 57 50 26 16 26 21 26 42 37 46 9 25 9 20 16 21 18 33 39 27 35 13 35 31 23 8 36
20 51 32 0 62 36 14 43 30 23 56 64 36 56 39 42 51 64 23 79 52 28 23 63 59 24 47 25 34 14 32 30 42 66 63 34 37 47 55 15 34 8 14 55 32 45 40 43 32 29 39 54 26 43 60 16 19 43 25 25 10 12 13 65 28 27 19 21 34 45 41 21 19 25 37 34 35 19 30 47 18 13 63 27 56 29 51 35 23 14 37 69 8 33 23 35 32 9 40 31
82 21 31 62 0 46 51 27 83 51 32 43 52 54 54 22 60 32 64 45 19 36 58 46 42 60 45 40 34 53 62 33 66 10 73 29 33 17 54 59 31 65 70 56 47 40 27 86 39 61 42 41 44 50 9 76 48 85 40 78 54 50 58 39 34 88 62 73 29 52 28 42 60 87 79 51 39 51 39 27 73 68 56 39 6 38 11 31 45 49 47 27 58 63 44 61 58 53 24 64
54 26 22 36 46 0 38 19 66 46 23 28 6 20 9 25 19 32 23 44 48 34 17 27 24 19 11 17 15 22 59 22 21 44 34 23 13 40 20 45 18 44 50 20 4 10 20 41 9 17 4 19 42 8 39 42 18 39 35 61 36 33 43 31 25 53 23 34 32 11 43 23 21 58 35 5 7 42 42 49 35 33 27 15 40 14 38 39 39 24 54 39 28 17 16 15 13 32 25 19
31 44 24 14 51 38 0 37 33 10 52 62 39 58 43 35 56 60 33 76 39 15 30 62 58 32 48 22 29 19 22 23 49 57 69 26 33 35 58 8 28 14 19 58 34 44 33 55 30 36 39 53 12 46 51 31 20 55 12 27 4 5 7 63 20 41 29 34 23 48 27 15 28 36 49 37 34 5 16 33 32 27 65 24 46 26 41 22 9 14 23 63 17 40 22 42 38 8 32 40
63 8 14 43 27 19 37 0 70 42 16 27 25 30 27 7 35 23 38 39 31 27 32 28 23 34 20 17 9 31 56 15 39 26 48 13 7 23 31 46 9 49 55 32 20 14 4 60 13 34 16 20 36 23 21 54 25 58 29 65 38 34 44 26 18 66 37 49 21 26 30 23 35 67 53 24 13 40 34 34 49 45 35 16 21 15 19 27 35 29 46 26 37 36 21 34 31 36 9 37
19 77 57 30 83 66 33 70 0 33 84 93 66 85 69 67 80 92 51 108 68 47 52 92 89 52 76 53 61 44 26 55 70 90 92 59 64 66 85 25 61 22 16 85 62 74 66 64 61 57 68 84 40 73 84 33 48 66 44 5 32 36 26 94 53 34 48 43 55 75 57 47 48 21 60 64 64 32 44 61 40 38 93 55 78 57 73 52 39 42 42 96 38 61 52 64 61 35 65 59
37 48 28 23 51 46 10 42 33 0 57 68 48 66 52 38 64 64 43 80 36 16 40 69 64 41 55 29 35 29 14 27 59 58 78 29 38 34 65 10 33 20 22 66 42 51 37 65 37 46 46 60 7 54 52 39 29 65 13 28 14 15 12 68 24 48 39 44 23 56 24 22 38 41 59 46 41 4 11 28 41 36 72 31 46 32 40 20 7 23 13 66 27 50 30 51 47 17 35 49
75 13 29 56 32 23 52 16 84 57 0 12 28 22 28 22 30 9 46 23 43 42 40 14 9 42 16 31 23 43 72 30 40 26 41 28 20 36 23 61 24 62 69 25 27 13 20 63 24 40 19 9 52 22 23 65 37 61 45 79 52 49 59 10 33 76 46 58 36 24 45 37 44 80 57 28 21 55 50 48 59 56 24 29 28 28 29 43 50 42 61 16 49 40 33 37 36 50 24 42
82 25 40 64 43 28 62 27 93 68 12 0 31 16 29 33 26 12 50 17 55 53 45 4 4 46 18 40 33 50 82 41 39 36 34 39 30 48 17 70 35 71 77 19 32 18 31 63 32 43 25 9 63 23 34 70 45 60 56 88 61 58 68 6 44 81 51 62 48 24 56 47 49 86 58 32 29 65 61 60 63 61 15 38 39 37 41 54 61 50 73 21 56 42 41 38 39 58 36 44
52 31 27 36 52 6 39 25 66 48 28 31 0 20 4 30 16 36 19 48 53 38 14 29 27 15 13 21 20 22 62 26 15 50 30 28 19 45 19 47 24 44 50 19 6 15 25 36 14 12 9 22 45 8 45 39 19 34 38 61 37 35 44 34 29 50 20 31 37 9 48 26 18 56 29 2 13 44 46 54 32 31 27 19 45 18 43 43 42 25 58 44 28 12 18 9 8 33 30 14
72 33 40 56 54 20 58 30 85 66 22 16 20 0 17 38 10 27 38 32 62 53 34 13 14 35 11 37 32 42 80 40 24 48 19 40 29 54 1 66 35 64 70 3 24 16 34 48 28 31 19 13 62 13 45 59 38 44 54 81 56 53 63 22 43 69 40 49 49 11 60 43 38 76 43 22 25 62 61 65 51 50 7 35 49 33 49 56 59 44 73 36 48 28 36 25 26 52 39 31
55 33 31 39 54 9 43 27 69 52 28 29 4 17 0 33 12 36 21 46 57 42 17 27 26 18 12 25 23 26 65 30 13 51 26 32 22 49 16 50 27 47 54 16 10 16 28 35 18 14 11 21 49 6 47 42 23 33 42 65 41 38 48 34 33 52 23 33 40 6 51 30 21 59 29 6 16 48 50 57 34 33 24 23 48 22 46 47 46 29 62 44 31 12 22 9 9 37 33 15
62 10 11 42 22 25 35 7 67 38 22 33 30 38 33 0 42 27 42 43 24 22 36 35 30 38 27 18 12 32 51 13 45 24 55 9 11 16 38 43 9 47 53 40 25 22 5 64 17 39 22 27 31 30 18 55 26 63 25 62 36 32 41 32 15 67 40 51 15 33 23 22 38 67 57 29 18 36 29 27 51 47 43 17 16 16 13 21 30 28 40 29 37 41 22 39 36 34 3 42
66 39 41 51 60 19 56 35 80 64 30 26 16 10 12 42 0 36 31 42 66 53 28 23 24 28 15 36 34 38 78 41 14 56 14 42 31 58 9 63 37 59 65 7 22 21 37 38 29 24 20 21 61 12 52 52 35 35 54 77 53 51 60 32 44 61 33 42 51 9 62 42 32 69 33 18 26 60 61 67 44 44 15 34 55 33 54 58 58 42 73 45 43 21 34 17 20 49 42 23
84 17 36 64 32 32 60 23 92 64 9 12 36 27 36 27 36 0 54 16 46 49 49 16 13 50 24 39 31 51 78 38 47 24 45 35 28 40 28 69 32 71 77 30 35 21 27 71 32 49 28 15 59 30 23 73 45 68 52 87 60 57 66 7 40 85 54 66 42 31 49 45 52 88 65 36 30 62 56 52 67 64 27 37 29 36 32 48 57 50 67 9 57 48 41 45 44 58 30 50
35 46 34 23 64 23 33 38 51 43 46 50 19 38 21 42 31 54 0 66 60 39 6 48 46 4 32 25 30 14 54 32 19 65 41 36 31 53 37 37 33 31 37 36 19 33 37 24 25 7 26 41 43 26 59 21 18 23 38 48 29 28 34 53 33 31 4 12 41 27 52 26 5 38 17 18 26 38 45 58 14 13 45 25 58 26 54 46 39 21 55 62 16 10 21 14 11 25 40 9
98 34 52 79 45 44 76 39 108 80 23 17 48 32 46 43 42 16 66 0 61 65 61 19 21 63 35 54 47 65 95 53 56 35 47 51 43 55 33 84 48 86 92 35 48 34 43 80 47 60 41 25 75 40 36 86 60 76 68 103 76 72 82 14 56 98 67 78 58 40 65 61 65 102 74 48 44 78 72 67 80 77 28 52 43 51 47 64 73 65 83 18 72 59 56 55 55 73 46 61
70 30 27 52 19 48 39 31 68 36 43 55 53 62 57 24 66 46 60 61 0 25 55 58 53 57 51 36 33 47 45 28 68 29 80 25 35 8 62 45 30 53 57 64 48 46 29 84 39 60 46 50 29 54 25 68 43 83 27 63 42 40 45 52 27 79 57 68 19 57 12 35 56 75 77 52 41 37 24 9 66 61 66 36 18 36 14 17 31 42 29 43 50 62 40 62 58 43 23 63
46 32 14 28 36 34 15 27 47 16 42 53 38 53 42 22 53 49 39 65 25 0 34 54 50 36 42 17 21 25 29 13 51 43 68 14 25 20 53 22 19 29 34 54 32 37 22 63 25 40 34 46 9 42 37 43 22 62 3 42 18 15 22 53 10 55 35 44 8 45 13 13 34 51 56 36 28 15 8 20 43 38 59 19 31 20 26 8 9 18 20 51 26 43 21 44 40 19 19 44
38 40 28 23 58 17 30 32 52 40 40 45 14 34 17 36 28 49 6 61 55 34 0 43 41 2 27 19 24 11 52 27 19 59 40 30 25 48 33 36 27 31 37 33 13 28 31 29 19 6 21 36 39 22 53 25 13 28 34 48 27 25 33 48 28 36 6 17 36 23 47 21 4 42 22 13 20 36 41 53 18 16 41 19 52 20 48 41 35 17 52 56 15 10 15 12 9 23 35 9
81 27 41 63 46 27 62 28 92 69 14 4 29 13 27 35 23 16 48 19 58 54 43 0 5 44 16 40 34 49 83 41 36 39 30 40 30 50 14 70 36 70 77 16 31 18 33 60 32 41 24 9 64 21 37 69 44 57 56 88 61 58 68 9 45 79 49 60 49 21 58 47 47 85 55 30 29 66 62 62 61 60 11 38 42 37 44 56 61 50 74 24 55 40 41 36 37 58 37 42
78 22 36 59 42 24 58 23 89 64 9 4 27 14 26 30 24 13 46 21 53 50 41 5 0 42 14 36 29 45 78 37 36 35 33 35 25 45 15 66 31 67 73 17 28 14 28 60 28 39 21 5 59 20 32 66 40 57 52 84 57 54 64 8 40 77 47 58 44 20 53 43 45 82 54 28 25 61 57 57 59 57 15 34 37 32 39 51 57 46 69 21 52 38 37 35 35 54 32 40
38 42 31 24 60 19 32 34 52 41 42 46 15 35 18 38 28 50 4 63 57 36 2 44 42 0 28 22 26 13 53 29 18 61 40 32 27 50 34 37 29 32 38 33 15 29 33 27 21 5 23 37 41 23 55 24 15 26 36 49 28 27 34 49 30 35 5 16 38 24 49 23 4 41 20 14 22 37 43 55 17 16 42 21 54 22 50 43 37 19 53 58 16 9 17 12 9 24 37 8
65 24 29 47 45 11 48 20 76 55 16 18 13 11 12 27 15 24 32 35 51 42 27 16 14 28 0 26 21 33 69 29 24 41 28 29 18 43 11 55 24 54 61 12 15 6 23 47 17 25 9 9 51 6 37 52 28 44 43 72 46 43 53 22 32 63 33 44 38 8 49 33 31 68 41 14 14 52 50 54 45 43 17 24 40 23 39 45 48 34 62 32 39 24 25 21 21 43 28 26
45 25 9 25 40 17 22 17 53 29 31 40 21 37 25 18 36 39 25 54 36 17 19 40 36 22 26 0 8 14 43 7 34 42 50 11 11 28 36 30 9 31 38 37 14 22 14 49 9 24 17 31 25 25 36 37 8 48 18 48 21 18 28 41 9 49 22 34 17 28 28 7 21 50 42 19 12 26 25 34 33 29 43 2 33 4 29 23 22 11 37 44 19 27 4 27 23 18 16 28
53 17 8 34 34 15 29 9 61 35 23 33 20 32 23 12 34 31 30 47 33 21 24 34 29 26 21 8 0 21 49 8 35 35 48 9 4 25 32 38 4 39 46 33 14 16 7 53 6 27 13 25 30 22 29 45 15 51 23 56 29 25 35 33 11 57 28 40 17 25 28 14 26 58 46 18 8 32 29 34 40 36 38 6 28 5 24 24 28 19 41 36 27 29 11 28 25 26 11 31
33 39 22 14 53 22 19 31 44 29 43 50 22 42 26 32 38 51 14 65 47 25 11 49 45 13 33 14 21 0 41 20 30 56 51 24 24 41 41 25 23 22 28 41 18 31 28 38 19 17 25 40 28 29 50 23 6 38 23 39 16 14 22 52 20 35 11 20 28 31 38 13 9 37 31 20 21 25 31 44 19 15 49 15 47 16 43 32 25 6 41 57 6 21 10 23 19 12 30 21
38 61 43 32 62 59 22 56 26 14 72 82 62 80 65 51 78 78 54 95 45 29 52 83 78 53 69 43 49 41 0 42 71 70 91 44 53 45 79 16 47 25 23 80 56 65 52 74 52 58 60 74 20 67 65 45 42 75 27 22 25 27 19 82 38 52 50 52 37 70 34 36 49 42 68 60 55 17 23 37 49 45 86 45 58 46 53 32 21 36 16 80 37 62 44 64 60 29 49 61
50 22 2 30 33 22 23 15 55 27 30 41 26 40 30 13 41 38 32 53 28 13 27 41 37 29 29 7 8 20 42 0 40 37 55 4 11 21 40 31 6 34 40 41 20 24 11 56 12 31 21 33 22 29 31 43 15 55 15 50 23 20 29 40 3 55 30 41 10 33 21 9 28 55 49 25 15 25 21 27 40 35 46 8 27 8 22 17 20 16 33 41 25 34 12 34 30 22 10 35
54 46 42 42 66 21 49 39 70 59 40 39 15 24 13 45 14 47 19 56 68 51 19 36 36 18 24 34 35 30 71 40 0 64 22 43 34 60 23 55 38 50 56 21 21 28 40 24 29 13 24 32 57 18 59 39 30 21 51 66 46 44 52 44 43 47 23 29 51 16 62 38 22 56 19 16 28 54 59 68 31 32 30 33 60 32 58 57 54 36 70 56 34 9 30 7 11 42 45 10
86 19 35 66 10 44 57 26 90 58 26 36 50 48 51 24 56 24 65 35 29 43 59 39 35 61 41 42 35 56 70 37 64 0 67 33 33 25 49 65 33 71 76 51 46 36 28 86 39 61 40 35 51 47 6 79 50 83 46 85 59 56 64 30 38 91 63 75 35 49 37 46 61 91 79 49 39 58 47 37 75 71 50 41 12 40 18 39 51 53 56 17 61 62 46 59 57 58 26 63
76 52 56 63 73 34 69 48 92 78 41 34 30 19 26 55 14 45 41 47 80 68 40 30 33 40 28 50 48 51 91 55 22 67 0 56 46 72 18 76 51 72 77 16 36 34 51 40 43 35 34 32 75 26 64 61 49 37 68 89 66 64 73 39 58 69 45 51 65 23 76 56 44 79 38 32 40 74 76 82 53 54 19 49 67 48 67 72 72 55 87 54 56 31 48 28 32 63 56 33
54 18 2 34 29 23 26 13 59 29 28 39 28 40 32 9 42 35 36 51 25 14 30 40 35 32 29 11 9 24 44 4 43 33 56 0 11 18 40 34 5 38 44 41 22 24 8 59 14 34 22 32 24 30 27 47 19 58 17 53 27 23 32 38 6 59 33 44 9 34 20 13 31 58 52 27 16 28 22 25 44 39 46 11 23 11 18 16 22 20 34 38 29 37 15 36 33 25 6 38
56 15 11 37 33 13 33 7 64 38 20 30 19 29 22 11 31 28 31 43 35 25 25 30 25 27 18 11 4 24 53 11 34 33 46 11 0 27 29 41 6 43 49 30 14 13 6 53 6 28 11 21 34 20 27 47 18 51 26 59 33 29 39 30 15 59 30 42 20 23 31 18 28 61 46 18 6 36 32 36 42 38 35 9 27 8 24 27 31 22 44 33 30 30 14 28 25 30 11 31
66 23 19 47 17 40 35 23 66 34 36 48 45 54 49 16 58 40 53 55 8 20 48 50 45 50 43 28 25 41 45 21 60 25 72 18 27 0 54 42 22 49 54 56 40 38 21 77 31 52 38 43 27 46 21 62 36 76 23 61 38 35 42 45 21 74 51 61 13 49 11 28 49 71 70 44 33 34 22 12 60 55 58 29 13 28 8 14 28 35 30 38 44 55 33 54 50 38 15 55
72 33 40 55 54 20 58 31 85 65 23 17 19 1 16 38 9 28 37 33 62 53 33 14 15 34 11 36 32 41 79 40 23 49 18 40 29 54 0 65 35 63 69 2 24 16 34 47 28 30 19 13 61 12 45 58 38 43 54 81 56 53 62 23 43 68 39 49 49 10 60 43 38 75 42 21 25 62 61 65 50 49 8 34 49 33 49 56 59 44 73 37 47 27 35 24 25 52 39 30
26 53 33 15 59 45 8 46 25 10 61 70 47 66 50 43 63 69 37 84 45 22 36 70 66 37 55 30 38 25 16 31 55 65 76 34 41 42 65 0 37 10 12 65 41 52 42 58 39 42 47 62 16 53 59 30 28 59 19 19 9 13 3 71 28 38 33 36 30 56 33 24 33 31 52 45 42 8 21 38 33 29 73 32 54 34 48 28 14 21 23 72 21 46 30 48 44 13 40 45
54 17 5 34 31 18 28 9 61 33 24 35 24 35 27 9 37 32 33 48 30 19 27 36 31 29 24 9 4 23 47 6 38 33 51 5 6 22 35 37 0 39 45 36 18 19 5 56 9 31 17 27 28 25 27 46 17 54 21 55 29 25 35 35 9 58 31 42 14 28 25 14 29 59 49 22 11 31 26 30 42 38 41 8 25 7 21 21 26 20 38 36 28 33 13 32 28 26 8 34
17 56 36 8 65 44 14 49 22 20 62 71 44 64 47 47 59 71 31 86 53 29 31 70 67 32 54 31 39 22 25 34 50 71 72 38 43 49 63 10 39 0 6 63 40 52 45 49 39 37 46 62 25 51 65 20 26 50 26 17 11 15 9 72 32 28 27 27 36 53 41 26 28 22 44 42 42 17 30 47 24 20 71 33 60 35 54 36 22 21 33 75 16 41 30 43 40 13 44 39
15 62 42 14 70 50 19 55 16 22 69 77 50 70 54 53 65 77 37 92 57 34 37 77 73 38 61 38 46 28 23 40 56 76 77 44 49 54 69 12 45 6 0 69 46 59 51 53 45 43 53 68 28 57 70 22 33 55 31 11 17 21 12 79 38 28 33 31 41 60 45 32 34 19 48 48 48 20 33 50 28 25 77 40 65 41 59 40 26 27 35 81 22 47 36 49 46 19 50 45
71 35 41 55 56 20 58 32 85 66 25 19 19 3 16 40 7 30 36 35 64 54 33 16 17 33 12 37 33 41 80 41 21 51 16 41 30 56 2 65 36 63 69 0 24 18 35 45 29 29 20 16 62 12 47 57 38 42 55 81 56 53 63 25 44 67 38 48 50 10 61 44 37 74 40 21 26 62 62 66 50 49 9 35 51 34 51 57 59 44 74 39 47 26 36 23 25 52 41 29
50 28 21 32 47 4 34 20 62 42 27 32 6 24 10 25 22 35 19 48 48 32 13 31 28 15 15 14 14 18 56 20 21 46 36 22 14 40 24 41 18 40 46 24 0 14 20 40 8 14 8 23 39 12 41 38 14 38 32 57 32 29 39 35 22 49 19 31 30 14 42 20 17 54 33 4 8 38 40 48 32 29 31 13 41 12 38 37 36 20 51 42 24 16 12 14 11 28 25 17
64 18 24 45 40 10 44 14 74 51 13 18 15 16 16 22 21 21 33 34 46 37 28 18 14 29 6 22 16 31 65 24 28 36 34 24 13 38 16 52 19 52 59 18 14 0 17 51 14 27 7 9 46 10 32 52 26 48 39 70 43 40 50 21 27 64 33 45 33 13 43 29 31 68 44 15 11 48 45 48 46 43 22 20 34 19 33 40 44 32 57 29 38 27 23 24 23 40 23 29
59 11 9 40 27 20 33 4 66 37 20 31 25 34 28 5 37 27 37 43 29 22 31 33 28 33 23 14 7 28 52 11 40 28 51 8 6 21 34 42 5 45 51 35 20 17 0 60 12 34 17 24 32 26 22 51 22 58 25 61 34 30 40 30 13 63 35 47 16 29 26 19 33 64 52 24 13 35 30 31 47 43 39 13 21 12 18 23 30 25 41 30 34 36 18 34 31 32 5 37
45 67 58 43 86 41 55 60 64 65 63 63 36 48 35 64 38 71 24 80 84 63 29 60 60 27 47 49 53 38 74 56 24 86 40 59 53 77 47 58 56 49 53 45 40 51 60 0 47 25 45 56 66 41 80 31 42 4 62 62 51 51 55 68 57 33 28 22 65 40 76 50 29 46 7 36 47 61 69 82 25 29 53 49 80 49 77 70 62 45 78 79 38 24 44 26 28 48 64 22
51 21 13 32 39 9 30 13 61 37 24 32 14 28 18 17 29 32 25 47 39 25 19 32 28 21 17 9 6 19 52 12 29 39 43 14 6 31 28 39 9 39 45 29 8 14 12 47 0 22 9 23 33 17 34 41 13 46 26 56 29 26 36 33 15 53 24 36 22 20 34 15 22 56 40 13 3 34 33 39 36 33 35 6 33 5 30 29 31 18 45 38 25 24 9 23 19 26 16 25
42 42 33 29 61 17 36 34 57 46 40 43 12 31 14 39 24 49 7 60 60 40 6 41 39 5 25 24 27 17 58 31 13 61 35 34 28 52 30 42 31 37 43 29 14 27 34 25 22 0 21 34 45 20 55 28 18 24 39 54 33 32 39 47 33 38 10 19 41 20 52 27 9 45 18 12 22 42 47 58 21 20 38 23 55 24 51 46 41 23 58 56 21 4 20 7 4 29 38 4
57 22 21 39 42 4 39 16 68 46 19 25 9 19 11 22 20 28 26 41 46 34 21 24 21 23 9 17 13 25 60 21 24 40 34 22 11 38 19 47 17 46 53 20 8 7 17 45 9 21 0 16 42 9 35 46 20 43 35 64 38 34 44 27 24 57 27 38 31 12 42 24 25 61 39 9 6 43 42 47 39 37 26 15 36 14 35 38 40 26 54 35 31 21 17 19 17 34 22 23
73 21 32 54 41 19 53 20 84 60 9 9 22 13 21 27 21 15 41 25 50 46 36 9 5 37 9 31 25 40 74 33 32 35 32 32 21 43 13 62 27 62 68 16 23 9 24 56 23 34 16 0 55 15 32 61 35 53 47 79 52 49 59 12 36 72 42 53 40 16 50 38 40 77 50 23 20 57 53 54 54 52 16 29 36 28 37 47 53 41 65 24 47 34 32 30 30 49 29 36
42 41 23 26 44 42 12 36 40 7 52 63 45 62 49 31 61 59 43 75 29 9 39 64 59 41 51 25 30 28 20 22 57 51 75 24 34 27 61 16 28 25 28 62 39 46 32 66 33 45 42 55 0 50 46 42 27 66 7 34 16 15 16 62 19 52 39 45 17 53 17 19 38 47 59 43 36 8 5 22 43 38 68 27 39 28 34 13 4 22 13 60 28 49 27 50 46 18 29 48
60 29 30 43 50 8 46 23 73 54 22 23 8 13 6 30 12 30 26 40 54 42 22 21 20 23 6 25 22 29 67 29 18 47 26 30 20 46 12 53 25 51 57 12 12 10 26 41 17 20 9 15 50 0 42 47 26 38 43 69 44 41 50 27 32 58 28 38 39 3 50 31 26 64 35 9 14 50 50 56 40 38 20 23 44 22 43 46 47 32 62 38 35 18 24 15 15 40 31 21
80 13 29 60 9 39 51 21 84 52 23 34 45 45 47 18 52 23 59 36 25 37 53 37 32 55 37 36 29 50 65 31 59 6 64 27 27 21 45 59 27 65 70 47 41 32 22 80 34 55 35 32 46 42 0 73 44 78 40 79 53 50 58 29 32 85 57 69 29 44 32 40 55 85 73 44 33 52 42 33 69 65 47 35 8 34 13 33 46 47 51 18 55 56 40 54 52 52 20 58
15 62 45 16 76 42 31 54 33 39 65 70 39 59 42 55 52 73 21 86 68 43 25 69 66 24 52 37 45 23 45 43 39 79 61 47 47 62 58 30 46 20 22 57 38 52 51 31 41 28 46 61 42 47 73 0 29 33 41 31 26 28 28 73 42 12 19 11 49 48 57 34 21 17 27 38 43 35 47 63 8 9 66 38 70 39 65 51 39 27 52 79 18 31 33 35 33 25 53 29
38 33 17 19 48 18 20 25 48 29 37 45 19 38 23 26 35 45 18 60 43 22 13 44 40 15 28 8 15 6 42 15 30 50 49 19 18 36 38 28 17 26 33 38 14 26 22 42 13 18 20 35 27 26 44 29 0 41 21 44 18 15 25 46 15 41 15 26 24 28 34 9 13 43 35 17 16 25 29 40 25 21 45 9 41 10 37 28 24 6 40 51 12 22 4 23 19 14 24 22
47 65 56 43 85 39 55 58 66 65 61 60 34 44 33 63 35 68 23 76 83 62 28 57 57 26 44 48 51 38 75 55 21 83 37 58 51 76 43 59 54 50 55 42 38 48 58 4 46 24 43 53 66 38 78 33 41 0 61 64 51 51 56 65 56 36 27 23 64 37 75 50 28 48 7 34 45 61 69 81 26 30 49 47 78 47 75 69 62 44 78 77 38 22 43 24 26 48 62 21
43 35 16 25 40 35 12 29 44 13 45 56 38 54 42 25 54 52 38 68 27 3 34 56 52 36 43 18 23 23 27 15 51 46 68 17 26 23 54 19 21 26 31 55 32 39 25 62 26 39 35 47 7 43 40 41 21 61 0 38 15 13 18 55 12 52 34 42 11 46 16 13 33 48 55 36 29 12 8 22 40 36 61 20 35 21 29 10 6 17 19 54 24 43 21 44 40 16 22 43
19 72 52 25 78 61 27 65 5 28 79 88 61 81 65 62 77 87 48 103 63 42 48 88 84 49 72 48 56 39 22 50 66 85 89 53 59 61 81 19 55 17 11 81 57 70 61 62 56 54 64 79 34 69 79 31 44 64 38 0 27 30 21 89 47 34 44 41 50 71 51 42 45 21 58 60 59 27 39 55 38 35 88 50 73 52 67 47 33 38 37 91 34 58 47 60 57 30 59 56
28 45 25 10 54 36 4 38 32 14 52 61 37 56 41 36 53 60 29 76 42 18 27 61 57 28 46 21 29 16 25 23 46 59 66 27 33 38 56 9 29 11 17 56 32 43 34 51 29 33 38 52 16 44 53 26 18 51 15 27 0 4 7 62 21 37 25 30 25 46 31 15 25 33 45 35 32 9 20 37 28 23 63 23 48 25 43 25 13 12 27 64 13 37 21 39 35 4 33 36
31 41 21 12 50 33 5 34 36 15 49 58 35 53 38 32 51 57 28 72 40 15 25 58 54 27 43 18 25 14 27 20 44 56 64 23 29 35 53 13 25 15 21 53 29 40 30 51 26 32 34 49 15 41 50 28 15 51 13 30 4 0 10 59 17 39 24 30 22 43 28 11 23 36 44 33 29 10 19 35 28 23 60 20 45 21 39 23 11 9 27 60 13 36 17 37 33 4 30 35
25 51 31 13 58 43 7 44 26 12 59 68 44 63 48 41 60 66 34 82 45 22 33 68 64 34 53 28 35 22 19 29 52 64 73 32 39 42 62 3 35 9 12 63 39 50 40 55 36 39 44 59 16 50 58 28 25 56 18 21 7 10 0 69 27 37 30 33 29 53 33 21 30 30 49 42 39 8 21 38 31 26 70 30 53 31 47 28 14 18 25 70 18 43 27 45 41 10 39 42
84 22 39 65 39 31 63 26 94 68 10 6 34 22 34 32 32 7 53 14 52 53 48 9 8 49 22 41 33 52 82 40 44 30 39 38 30 45 23 71 35 72 79 25 35 21 30 68 33 47 27 12 62 27 29 73 46 65 55 89 62 59 69 0 44 84 54 65 46 28 54 48 52 89 62 35 31 65 60 57 66 64 21 39 35 37 38 53 61 52 72 15 58 46 43 43 42 59 34 48
48 24 4 28 34 25 20 18 53 24 33 44 29 43 33 15 44 40 33 56 27 10 28 45 40 30 32 9 11 20 38 3 43 38 58 6 15 21 43 28 9 32 38 44 22 27 13 57 15 33 24 36 19 32 32 42 15 56 12 47 21 17 27 44 0 54 30 40 8 35 19 8 28 53 50 27 18 22 18 26 40 35 49 10 28 10 23 14 17 15 30 43 24 36 13 36 32 20 12 36
15 74 57 27 88 53 41 66 34 48 76 81 50 69 52 67 61 85 31 98 79 55 36 79 77 35 63 49 57 35 52 55 47 91 69 59 59 74 68 38 58 28 28 67 49 64 63 33 53 38 57 72 52 58 85 12 41 36 52 34 37 39 37 84 54 0 30 19 61 59 68 46 32 13 32 49 55 45 57 74 18 21 76 50 82 51 77 62 49 39 62 91 30 41 45 44 43 36 65 38
33 45 31 19 62 23 29 37 48 39 46 51 20 40 23 40 33 54 4 67 57 35 6 49 47 5 33 22 28 11 50 30 23 63 45 33 30 51 39 33 31 27 33 38 19 33 35 28 24 10 27 42 39 28 57 19 15 27 34 44 25 24 30 54 30 30 0 12 38 29 48 23 2 36 21 19 25 34 41 55 13 11 47 23 56 24 52 43 35 17 51 61 12 14 18 17 14 21 38 12
26 57 42 21 73 34 34 49 43 44 58 62 31 49 33 51 42 66 12 78 68 44 17 60 58 16 44 34 40 20 52 41 29 75 51 44 42 61 49 36 42 27 31 48 31 45 47 22 36 19 38 53 45 38 69 11 26 23 42 41 30 30 33 65 40 19 12 0 48 39 57 33 14 28 17 30 37 39 49 64 3 7 56 34 67 35 63 52 42 26 57 73 18 21 29 25 23 27 50 19
53 25 9 34 29 32 23 21 55 23 36 48 37 49 40 15 51 42 41 58 19 8 36 49 44 38 38 17 17 28 37 10 51 35 65 9 20 13 49 30 14 36 41 50 30 33 16 65 22 41 31 40 17 39 29 49 24 64 11 50 25 22 29 46 8 61 38 48 0 42 11 16 37 58 58 35 25 23 14 17 47 42 55 18 23 18 18 7 17 22 25 43 31 44 21 44 40 25 12 45
62 31 33 45 52 11 48 26 75 56 24 24 9 11 6 33 9 31 27 40 57 45 23 21 20 24 8 28 25 31 70 33 16 49 23 34 23 49 10 56 28 53 60 10 14 13 29 40 20 20 12 16 53 3 44 48 28 37 46 71 46 43 53 28 35 59 29 39 42 0 53 34 28 65 34 11 17 53 53 59 41 40 18 26 47 25 46 49 50 34 65 40 37 18 26 15 16 42 34 21
58 32 21 41 28 43 27 30 57 24 45 56 48 60 51 23 62 49 52 65 12 13 47 58 53 49 49 28 28 38 34 21 62 37 76 20 31 11 60 33 25 41 45 61 42 43 26 76 34 52 42 50 17 50 32 57 34 75 16 51 31 28 33 54 19 68 48 57 11 53 0 25 47 63 69 46 36 25 12 6 56 51 65 29 25 30 19 6 19 32 19 49 40 55 32 55 51 32 21 55
41 30 11 21 42 23 15 23 47 22 37 47 26 43 30 22 42 45 26 61 35 13 21 47 43 23 33 7 14 13 36 9 38 46 56 13 18 28 43 24 14 26 32 44 20 29 19 50 15 27 24 38 19 31 40 34 9 50 13 42 15 11 21 48 8 46 23 33 16 34 25 0 21 45 43 24 18 19 20 32 32 27 50 9 36 10 31 20 16 7 32 49 16 30 8 31 27 13 19 31
34 43 30 19 60 21 28 35 48 38 44 49 18 38 21 38 32 52 5 65 56 34 4 47 45 4 31 21 26 9 49 28 22 61 44 31 28 49 38 33 29 28 34 37 17 31 33 29 22 9 25 40 38 26 55 21 13 28 33 45 25 23 30 52 28 32 2 14 37 28 47 21 0 38 22 17 23 34 40 53 15 12 45 21 54 22 50 41 34 16 50 59 12 13 16 16 13 21 36 12
5 75 57 25 87 58 36 67 21 41 80 86 56 76 59 67 69 88 38 102 75 51 42 85 82 41 68 50 58 37 42 55 56 91 79 58 61 71 75 31 59 22 19 74 54 68 64 46 56 45 61 77 47 64 85 17 43 48 48 21 33 36 30 89 53 13 36 28 58 65 63 45 38 0 43 55 58 39 52 69 25 25 83 52 81 53 76 58 44 39 54 94 31 48 47 52 50 33 65 46
42 60 50 37 79 35 49 53 60 59 57 58 29 43 29 57 33 65 17 74 77 56 22 55 54 20 41 42 46 31 68 49 19 79 38 52 46 70 42 52 49 44 48 40 33 44 52 7 40 18 39 50 59 35 73 27 35 7 55 58 45 44 49 62 50 32 21 17 58 34 69 43 22 43 0 30 40 54 62 75 20 24 48 41 73 42 70 63 55 38 71 73 32 17 37 20 22 41 56 16
51 31 26 34 51 5 37 24 64 46 28 32 2 22 6 29 18 36 18 48 52 36 13 30 28 14 14 19 18 20 60 25 16 49 32 27 18 44 21 45 22 42 48 21 4 15 24 36 13 12 9 23 43 9 44 38 17 34 36 60 35 33 42 35 27 49 19 30 35 11 46 24 17 55 30 0 11 42 44 52 31 29 29 17 44 17 42 41 40 24 56 44 26 12 16 10 8 31 29 14
54 20 16 35 39 7 34 13 64 41 21 29 13 25 16 18 26 30 26 44 41 28 20 29 25 22 14 12 8 21 55 15 28 39 40 16 6 33 25 42 11 42 48 26 8 11 13 47 3 22 6 20 36 14 33 43 16 45 29 59 32 29 39 31 18 55 25 37 25 17 36 18 23 58 40 11 0 37 36 42 38 34 32 9 33 8 31 32 34 21 48 36 27 23 12 22 19 29 18 25
34 46 26 19 51 42 5 40 32 4 55 65 44 62 48 36 60 62 38 78 37 15 36 66 61 37 52 26 32 25 17 25 54 58 74 28 36 34 62 8 31 17 20 62 38 48 35 61 34 42 43 57 8 50 52 35 25 61 12 27 9 10 8 65 22 45 34 39 23 53 25 19 34 39 54 42 37 0 13 30 37 32 69 28 46 29 40 20 6 19 18 65 22 46 26 47 43 13 33 45
47 39 21 30 39 42 16 34 44 11 50 61 46 61 50 29 61 56 45 72 24 8 41 62 57 43 50 25 29 31 23 21 59 47 76 22 32 22 61 21 26 30 33 62 40 45 30 69 33 47 42 53 5 50 42 47 29 69 8 39 20 19 21 60 18 57 41 49 14 53 12 20 40 52 62 44 36 13 0 17 47 42 67 27 35 28 29 9 8 24 12 57 31 51 28 51 47 22 26 51
64 35 26 47 27 49 33 34 61 28 48 60 54 65 57 27 67 52 58 67 9 20 53 62 57 55 54 34 34 44 37 27 68 37 82 25 36 12 65 38 30 47 50 66 48 48 31 82 39 58 47 54 22 56 33 63 40 81 22 55 37 35 38 57 26 74 55 64 17 59 6 32 53 69 75 52 42 30 17 0 62 57 70 35 25 36 20 12 25 38 21 50 46 61 38 61 57 38 25 62
23 57 42 18 73 35 32 49 40 41 59 63 32 51 34 51 44 67 14 80 66 43 18 61 59 17 45 33 40 19 49 40 31 75 53 44 42 60 50 33 42 24 28 50 32 46 47 25 36 21 39 54 43 40 69 8 25 26 40 38 28 28 31 66 40 18 13 3 47 41 56 32 15 25 20 31 38 37 47 62 0 5 58 34 67 35 62 50 40 25 55 74 16 23 29 27 25 25 49 21
22 53 37 13 68 33 27 45 38 36 56 61 31 50 33 47 44 64 13 77 61 38 16 60 57 16 43 29 36 15 45 35 32 71 54 39 38 55 49 29 38 20 25 49 29 43 43 29 33 20 37 52 38 38 65 9 21 30 36 35 23 23 26 64 35 21 11 7 42 40 51 27 12 25 24 29 34 32 42 57 5 0 57 30 62 31 58 45 35 20 50 71 11 23 25 27 24 20 45 21
79 36 46 63 56 27 65 35 93 72 24 15 27 7 24 43 15 27 45 28 66 59 41 11 15 42 17 43 38 49 86 46 30 50 19 46 35 58 8 73 41 71 77 9 31 22 39 53 35 38 26 16 68 20 47 66 45 49 61 88 63 60 70 21 49 76 47 56 55 18 65 50 45 83 48 29 32 69 67 70 58 57 0 41 52 40 53 62 66 51 79 36 55 35 43 31 33 60 44 37
47 24 9 27 39 15 24 16 55 31 29 38 19 35 23 17 34 37 25 52 36 19 19 38 34 21 24 2 6 15 45 8 33 41 49 11 9 29 34 32 8 33 40 35 13 20 13 49 6 23 15 29 27 23 35 38 9 47 20 50 23 20 30 39 10 50 23 34 18 26 29 9 21 52 41 17 9 28 27 35 34 30 41 0 33 1 29 24 24 13 39 42 21 26 5 26 22 21 16 27
76 16 25 56 6 40 46 21 78 46 28 39 45 49 48 16 55 29 58 43 18 31 52 42 37 54 40 33 28 47 58 27 60 12 67 23 27 13 49 54 25 60 65 51 41 34 21 80 33 55 36 36 39 44 8 70 41 78 35 73 48 45 53 35 28 82 56 67 23 47 25 36 54 81 73 44 33 46 35 25 67 62 52 33 0 32 6 27 40 43 44 26 52 56 38 55 52 48 17 58
48 23 9 29 38 14 26 15 57 32 28 37 18 33 22 16 33 36 26 51 36 20 20 37 32 22 23 4 5 16 46 8 32 40 48 11 8 28 33 34 7 35 41 34 12 19 12 49 5 24 14 28 28 22 34 39 10 47 21 52 25 21 31 37 10 51 24 35 18 25 30 10 22 53 42 17 8 29 28 36 35 31 40 1 32 0 28 25 25 14 40 41 22 26 6 26 22 22 15 27
71 16 20 51 11 38 41 19 73 40 29 41 43 49 46 13 54 32 54 47 14 26 48 44 39 50 39 29 24 43 53 22 58 18 67 18 24 8 49 48 21 54 59 51 38 33 18 77 30 51 35 37 34 43 13 65 37 75 29 67 43 39 47 38 23 77 52 63 18 46 19 31 50 76 70 42 31 40 29 20 62 58 53 29 6 28 0 21 34 38 38 30 47 54 34 52 49 42 13 55
53 31 16 35 31 39 22 27 52 20 43 54 43 56 47 21 58 48 46 64 17 8 41 56 51 43 45 23 24 32 32 17 57 39 72 16 27 14 56 28 21 36 40 57 37 40 23 70 29 46 38 47 13 46 33 51 28 69 10 47 25 23 28 53 14 62 43 52 7 49 6 20 41 58 63 41 32 20 9 12 50 45 62 24 27 25 21 0 14 26 19 49 34 50 27 50 46 26 19 50
39 40 21 23 45 39 9 35 39 7 50 61 42 59 46 30 58 57 39 73 31 9 35 61 57 37 48 22 28 25 21 20 54 51 72 22 31 28 59 14 26 22 26 59 36 44 30 62 31 41 40 53 4 47 46 39 24 62 6 33 13 11 14 61 17 49 35 42 17 50 19 16 34 44 55 40 34 6 8 25 40 35 66 24 40 25 34 14 0 18 16 59 24 45 24 46 42 15 28 45
34 36 18 14 49 24 14 29 42 23 42 50 25 44 29 28 42 50 21 65 42 18 17 50 46 19 34 11 19 6 36 16 36 53 55 20 22 35 44 21 20 21 27 44 20 32 25 45 18 23 26 41 22 32 47 27 6 44 17 38 12 9 18 52 15 39 17 26 22 34 32 7 16 39 38 24 21 19 24 38 25 20 51 13 43 14 38 26 18 0 35 55 9 27 9 28 24 8 26 27
49 50 33 37 47 54 23 46 42 13 61 73 58 73 62 40 73 67 55 83 29 20 52 74 69 53 62 37 41 41 16 33 70 56 87 34 44 30 73 23 38 33 35 74 51 57 41 78 45 58 54 65 13 62 51 52 40 78 19 37 27 27 25 72 30 62 51 57 25 65 19 32 50 54 71 56 48 18 12 21 55 50 79 39 44 40 38 19 16 35 0 67 40 61 40 62 58 30 37 61
89 19 39 69 27 39 63 26 96 66 16 21 44 36 44 29 45 9 62 18 43 51 56 24 21 58 32 44 36 57 80 41 56 17 54 38 33 38 37 72 36 75 81 39 42 29 30 79 38 56 35 24 60 38 18 79 51 77 54 91 64 60 70 15 43 91 61 73 43 40 49 49 59 94 73 44 36 65 57 50 74 71 36 42 26 41 30 49 59 55 67 0 63 56 47 53 52 62 32 58
26 45 27 8 58 28 17 37 38 27 49 56 28 48 31 37 43 57 16 72 50 26 15 55 52 16 39 19 27 6 37 25 34 61 56 29 30 44 47 21 28 16 22 47 24 38 34 38 25 21 31 47 28 35 55 18 12 38 24 34 13 13 18 58 24 30 12 18 31 37 40 16 12 31 32 26 27 22 31 46 16 11 55 21 52 22 47 34 24 9 40 63 0 25 16 27 24 9 35 24
45 43 35 33 63 17 40 36 61 50 40 42 12 28 12 41 21 48 10 59 62 43 10 40 38 9 24 27 29 21 62 34 9 62 31 37 30 55 27 46 33 41 47 26 16 27 36 24 24 4 21 34 49 18 56 31 22 22 43 58 37 36 43 46 36 41 14 21 44 18 55 30 13 48 17 12 23 46 51 61 23 23 35 26 56 26 54 50 45 27 61 56 25 0 23 4 4 33 40 2
42 29 13 23 44 16 22 21 52 30 33 41 18 36 22 22 34 41 21 56 40 21 15 41 37 17 25 4 11 10 44 12 30 46 48 15 14 33 35 30 13 30 36 36 12 23 18 44 9 20 17 32 27 24 40 33 4 43 21 47 21 17 27 43 13 45 18 29 21 26 32 8 16 47 37 16 12 26 28 38 29 25 43 5 38 6 34 27 24 9 40 47 16 23 0 23 19 17 20 23
49 41 35 35 61 15 42 34 64 51 37 38 9 25 9 39 17 45 14 55 62 44 12 36 35 12 21 27 28 23 64 34 7 59 28 36 28 54 24 48 32 43 49 23 14 24 34 26 23 7 19 30 50 15 54 35 23 24 44 60 39 37 45 43 36 44 17 25 44 15 55 31 16 52 20 10 22 47 51 61 27 27 31 26 55 26 52 50 46 28 62 53 27 4 23 0 4 35 39 6
46 39 31 32 58 13 38 31 61 47 36 39 8 26 9 36 20 44 11 55 58 40 9 37 35 9 21 23 25 19 60 30 11 57 32 33 25 50 25 44 28 40 46 25 11 23 31 28 19 4 17 30 46 15 52 33 19 26 40 57 35 33 41 42 32 43 14 23 40 16 51 27 13 50 22 8 19 43 47 57 25 24 33 22 52 22 49 46 42 24 58 52 24 4 19 4 0 31 36 6
28 43 23 9 53 32 8 36 35 17 50 58 33 52 37 34 49 58 25 73 43 19 23 58 54 24 43 18 26 12 29 22 42 58 63 25 30 38 52 13 26 13 19 52 28 40 32 48 26 29 34 49 18 40 52 25 14 48 16 30 4 4 10 59 20 36 21 27 25 42 32 13 21 33 41 31 29 13 22 38 25 20 60 21 48 22 42 26 15 8 30 62 9 33 17 35 31 0 32 32
60 13 8 40 24 25 32 9 65 35 24 36 30 39 33 3 42 30 40 46 23 19 35 37 32 37 28 16 11 30 49 10 45 26 56 6 11 15 39 40 8 44 50 41 25 23 5 64 16 38 22 29 29 31 20 53 24 62 22 59 33 30 39 34 12 65 38 50 12 34 21 19 36 65 56 29 18 33 26 25 49 45 44 16 17 15 13 19 28 26 37 32 35 40 20 39 36 32 0 41
44 45 36 31 64 19 40 37 59 49 42 44 14 31 15 42 23 50 9 61 63 44 9 42 40 8 26 28 31 21 61 35 10 63 33 38 31 55 30 45 34 39 45 29 17 29 37 22 25 4 23 36 48 21 58 29 22 21 43 56 36 35 42 48 36 38 12 19 45 21 55 31 12 46 16 14 25 45 51 62 21 21 37 27 58 27 55 50 45 27 61 58 24 2 23 6 6 32 41 0
Cost:  3780
Route:  0  6  7  75  51  73  98  10  36  96  8  89  45  34  77  29  50  2  79  40  69  52  65  41  23  26  18  63  61  76  90  60  37  17  86  54  67  21  57  15  66  48  68  35  62  1  19  38  20  55  84  3  44  11  46  33  28  49  5  12  24  81  94  59  74  71  25  87  99  27  4  43  93  42  58  82  72  85  56  53  30  88  9  92  70  13  91  95  64  80  39  31  83  47  14  32  22  78  16  97  