40
0 2363 0
1779 1788 5
2130 2145 2
2109 2128 10
27 41 3
1613 1629 10
2138 2148 4
1861 1867 1
287 297 1
2273 2290 9
1357 1372 5
1440 1449 6
432 451 8
1274 1282 10
810 818 2
2189 2203 5
197 209 6
627 644 8
1681 1695 5
1160 1169 5
992 1004 9
2047 2060 3
878 891 3
1454 1459 5
1553 1560 7
1746 1761 8
725 734 5
226 237 6
341 348 3
526 532 5
1517 1536 9
2248 2271 9
913 925 3
110 130 6
1226 1245 9
2319 2335 5
1209 1225 3
1957 1966 4
1053 1059 9
1141 1160 5
0 92 33 98 28 77 21 17 84 38 73 20 7 4 13 86 99 26 67 73 43 71 85 34 7 48 56 71 90 18 63 92 28 81 26 36 66 68 17 61
86 0 25 45 93 28 49 70 26 78 75 92 46 10 33 50 10 25 90 84 85 29 73 81 6 20 57 30 2 76 24 5 79 98 58 65 65 2 85 15
93 45 0 77 94 69 4 20 73 9 66 54 84 91 50 9 82 37 8 37 97 51 21 19 87 58 53 28 53 9 23 67 15 70 16 84 90 42 72 48
96 49 15 0 38 84 99 97 54 12 7 85 89 59 35 86 42 29 46 24 86 97 23 41 39 81 5 89 15 66 78 42 48 51 39 13 18 27 1 7
74 39 68 95 0 65 50 69 69 31 76 66 87 33 75 48 8 90 24 84 12 53 79 90 34 49 18 97 40 96 8 50 72 84 18 91 47 73 56 65
49 43 60 24 46 0 19 95 69 80 27 8 91 34 10 87 54 27 63 90 33 10 49 74 25 23 16 96 11 6 94 55 79 7 23 7 52 44 95 83
10 13 30 29 44 43 0 18 47 31 88 39 98 30 96 45 74 16 88 3 3 22 68 20 21 20 35 62 97 78 78 76 53 47 64 46 82 6 55 81
36 42 53 79 25 88 20 0 79 19 20 64 56 41 35 53 94 73 95 21 12 19 98 45 69 2 77 93 73 58 26 61 16 97 68 72 9 98 41 51
40 16 26 7 47 64 32 2 0 5 29 56 64 47 93 22 59 6 68 51 21 86 4 11 30 51 27 77 50 40 55 45 49 35 84 82 42 48 66 88
43 42 31 79 38 24 80 95 90 0 65 3 35 25 48 1 92 19 59 97 21 2 85 82 60 58 64 12 23 30 85 98 62 56 39 39 97 7 80 17
30 42 88 20 12 19 68 9 96 75 0 70 16 18 42 91 76 31 23 30 77 65 17 25 23 39 71 81 48 30 39 9 90 23 33 13 4 40 3 14
7 45 9 44 89 47 30 95 51 80 17 0 62 71 26 46 45 5 27 48 40 58 78 7 32 70 29 23 85 5 72 17 3 68 50 78 17 3 71 61
11 40 89 51 19 67 91 42 47 67 52 85 0 99 81 3 76 91 40 2 41 67 12 51 30 66 65 98 4 83 81 29 69 58 80 66 40 8 83 67
38 89 63 3 18 48 35 72 59 48 76 53 33 0 5 33 40 17 25 85 15 88 91 26 62 65 38 5 98 48 94 71 10 22 44 31 45 8 4 15
3 29 40 1 8 90 34 32 17 68 3 91 74 10 0 77 25 40 91 97 26 35 65 30 49 75 68 90 92 7 12 50 66 84 83 11 59 62 60 35
57 61 14 67 45 50 15 68 42 83 72 68 31 83 9 0 98 49 11 55 73 37 80 24 42 93 20 65 98 59 65 59 58 24 70 23 10 37 98 36
3 98 88 88 31 92 45 12 43 28 11 44 43 15 10 96 0 1 99 42 49 84 71 42 3 20 52 16 9 16 1 24 7 62 36 27 82 18 57 77
19 9 27 16 5 25 65 98 74 49 29 11 87 46 6 58 37 0 87 79 36 32 92 90 67 29 89 1 65 44 43 41 34 24 78 11 81 64 12 27
45 84 37 42 22 49 93 51 79 80 4 60 62 71 18 10 15 49 0 23 91 54 33 84 46 50 22 95 80 10 69 76 64 69 86 88 13 35 92 66
66 70 56 21 5 73 56 54 75 2 93 4 32 5 94 38 87 40 85 0 36 2 65 34 22 22 16 91 97 94 62 38 74 10 21 72 48 4 28 70
81 24 27 24 4 6 17 31 58 68 6 5 68 31 69 92 75 54 17 20 0 89 16 8 88 76 17 14 73 20 39 78 90 34 92 3 51 79 45 73
8 73 46 56 59 46 91 38 6 48 22 31 50 10 22 44 48 98 25 71 57 0 82 53 24 95 76 69 16 4 3 74 98 5 91 45 80 73 15 24
50 88 70 32 65 19 32 49 73 91 90 39 48 25 40 55 80 44 80 22 91 97 0 45 46 49 52 53 53 86 45 37 28 42 24 71 7 69 19 66
75 35 5 24 86 90 76 31 34 98 80 95 21 59 54 24 54 71 16 20 9 17 46 0 51 10 80 17 1 99 58 67 87 90 82 33 90 96 79 6
26 44 36 87 38 48 90 38 76 56 77 93 22 32 96 63 60 80 67 17 57 53 49 18 0 74 54 96 23 13 60 27 40 1 46 48 19 93 63 62
28 28 23 71 75 40 81 47 44 38 70 91 66 64 99 53 83 73 81 61 90 84 99 26 62 0 30 25 61 19 71 57 37 3 59 32 69 83 46 95
36 85 68 11 2 97 62 79 21 9 46 24 15 79 81 62 73 93 11 55 54 84 9 29 5 3 0 10 83 70 1 98 24 4 89 45 48 16 8 59
12 74 86 72 57 71 25 68 50 12 38 47 79 21 12 31 64 40 46 79 1 63 1 45 73 71 70 0 69 48 5 1 19 41 90 77 93 40 35 6
39 20 38 11 65 53 3 15 92 13 76 36 91 85 40 33 37 20 36 51 3 70 67 95 4 61 71 1 0 67 11 58 10 91 66 95 16 79 91 22
7 8 26 97 26 81 82 13 2 27 27 34 44 61 35 4 1 96 7 61 76 83 13 69 33 39 5 9 86 0 82 56 78 13 41 26 32 76 72 59
55 43 33 45 77 50 29 41 22 87 94 1 20 3 96 10 43 92 74 57 84 50 28 91 25 30 48 24 83 68 0 87 80 47 44 52 82 79 53 65
68 13 42 93 7 32 28 85 47 12 65 3 48 39 19 62 40 71 69 59 99 27 69 95 26 27 80 53 13 95 49 0 22 80 57 85 58 16 17 32
50 59 10 2 5 23 70 1 10 98 74 39 90 25 85 55 64 3 50 47 78 4 8 47 40 62 20 91 59 35 73 37 0 35 81 34 29 77 7 88
85 30 42 4 10 64 34 72 64 39 24 52 87 56 26 59 81 82 86 70 46 31 73 30 43 34 54 79 51 56 89 5 39 0 30 27 41 71 81 98
10 13 52 36 5 63 90 92 27 62 69 21 70 37 3 93 4 19 37 53 72 54 51 54 53 61 55 49 90 20 4 29 12 55 0 80 34 65 46 24
31 65 85 82 34 64 30 45 59 20 52 37 95 29 18 15 67 82 36 35 16 98 17 45 49 2 90 57 37 45 89 12 33 58 37 0 61 81 94 62
40 50 6 99 32 68 23 20 73 20 6 97 56 45 93 51 18 79 62 43 33 31 68 16 98 75 35 72 55 63 84 43 33 8 6 56 0 21 46 81
8 21 93 56 14 32 85 72 26 66 47 99 51 45 36 27 86 8 26 49 75 79 24 51 4 82 48 26 49 20 58 33 71 91 24 56 75 0 6 98
71 10 66 34 51 72 83 71 33 65 57 48 82 66 13 45 83 98 77 79 15 69 78 96 32 6 49 31 73 7 51 57 91 78 19 92 26 53 0 84
32 22 52 5 47 38 88 94 34 67 3 40 90 89 35 44 45 65 94 6 94 16 7 34 8 81 47 67 39 13 38 22 53 73 31 89 29 13 39 0
0 30 42 31 27 26 60 26 28 48 60 91 34 28 40 70 49 70 75 71 43 10 54 76 32 30 51 47 61 34 49 25 16 31 46 41 44 10 63 70
30 0 32 19 3 36 59 44 53 25 32 74 17 6 52 45 42 40 58 63 53 39 47 57 3 18 51 53 74 15 19 7 18 32 17 62 31 36 33 68
42 32 0 50 32 23 29 33 47 18 33 50 14 37 32 35 10 46 33 32 30 44 15 36 30 49 22 27 49 17 38 27 26 14 29 49 4 51 42 36
31 19 50 0 18 48 77 53 59 44 49 94 36 13 65 63 60 54 77 82 67 41 65 76 22 1 68 68 87 34 32 23 29 47 34 70 50 31 47 86
27 3 32 18 0 35 59 42 51 27 35 76 18 5 51 48 42 43 59 64 52 36 47 59 6 17 51 52 72 16 22 6 16 31 20 60 32 33 36 68
26 36 23 48 35 0 34 10 24 38 53 71 26 39 16 58 27 65 55 46 18 24 31 59 37 48 25 21 38 28 51 29 19 9 44 28 27 36 60 45
60 59 29 77 59 34 0 38 51 45 58 47 43 65 27 53 19 70 37 17 22 57 16 43 58 76 9 16 29 45 66 54 49 30 57 44 31 69 67 11
26 44 33 53 42 10 38 0 14 48 63 79 35 46 14 68 36 75 64 53 18 20 39 68 45 52 30 23 35 38 60 37 26 19 53 18 37 34 70 49
28 53 47 59 51 24 51 14 0 61 76 93 48 54 24 82 50 88 78 66 29 18 53 82 55 58 43 35 39 50 71 47 35 34 65 14 51 33 82 61
48 25 18 44 27 38 45 48 61 0 15 49 14 31 50 22 25 28 33 43 48 53 29 32 22 43 39 45 67 14 22 25 31 29 14 65 14 56 24 50
60 32 33 49 35 53 58 63 76 15 0 50 28 37 65 16 39 13 36 52 63 66 41 32 29 48 53 60 82 26 18 35 44 44 15 81 29 67 10 62
91 74 50 94 76 71 47 79 93 49 50 0 60 81 72 35 44 55 17 31 67 93 40 18 72 93 51 61 76 61 67 73 76 62 61 90 47 101 58 41
34 17 14 36 18 26 43 35 48 14 28 60 0 23 40 37 25 40 43 46 39 39 29 44 16 35 35 38 60 3 26 13 17 18 18 53 14 42 34 51
28 6 37 13 5 39 65 46 54 31 37 81 23 0 55 51 47 45 64 69 57 38 52 63 9 12 56 57 77 21 23 11 20 36 23 64 37 33 38 73
40 52 32 65 51 16 27 14 24 50 65 72 40 55 0 67 30 78 58 43 5 34 33 63 52 64 20 11 22 43 66 45 36 21 58 18 36 48 73 37
70 45 35 63 48 58 53 68 82 22 16 35 37 51 67 0 37 21 23 44 64 76 38 18 43 62 51 60 81 36 34 47 54 49 29 84 31 79 23 55
49 42 10 60 42 27 19 36 50 25 39 44 25 47 30 37 0 51 29 22 27 50 5 33 40 59 14 22 43 27 47 37 35 19 38 49 12 59 49 26
70 40 46 54 43 65 70 75 88 28 13 55 40 45 78 21 51 0 44 63 76 77 53 39 38 53 66 73 94 38 22 45 55 57 24 93 42 76 7 73
75 58 33 77 59 55 37 64 78 33 36 17 43 64 58 23 29 44 0 23 54 77 26 7 55 76 39 48 66 44 52 56 59 46 45 77 31 84 45 35
71 63 32 82 64 46 17 53 66 43 52 31 46 69 43 44 22 63 23 0 38 70 17 30 61 81 23 31 45 48 65 59 57 40 56 60 32 80 62 11
43 53 30 67 52 18 22 18 29 48 63 67 39 57 5 64 27 76 54 38 0 38 29 59 53 66 16 6 21 42 65 46 38 21 57 23 34 52 72 32
10 39 44 41 36 24 57 20 18 53 66 93 39 38 34 76 50 77 77 70 38 0 54 80 41 40 48 43 54 40 58 33 23 31 54 31 47 15 71 68
54 47 15 65 47 31 16 39 53 29 41 40 29 52 33 38 5 53 26 17 29 54 0 31 45 64 14 23 43 32 50 42 40 23 42 51 16 64 51 22
76 57 36 76 59 59 43 68 82 32 32 18 44 63 63 18 33 39 7 30 59 80 31 0 54 75 44 54 72 44 49 56 60 49 43 81 33 86 41 41
32 3 30 22 6 37 58 45 55 22 29 72 16 9 52 43 40 38 55 61 53 41 45 54 0 21 51 53 74 13 17 8 20 32 14 63 29 39 31 66
30 18 49 1 17 48 76 52 58 43 48 93 35 12 64 62 59 53 76 81 66 40 64 75 21 0 67 67 86 33 31 22 28 46 33 69 49 31 46 85
51 51 22 68 51 25 9 30 43 39 53 51 35 56 20 51 14 66 39 23 16 48 14 44 51 67 0 9 29 38 59 46 40 21 51 38 25 60 63 20
47 53 27 68 52 21 16 23 35 45 60 61 38 57 11 60 22 73 48 31 6 43 23 54 53 67 9 0 22 41 64 47 39 21 56 29 31 56 69 26
61 74 49 87 72 38 29 35 39 67 82 76 60 77 22 81 43 94 66 45 21 54 43 72 74 86 29 22 0 62 86 67 58 42 77 27 53 69 91 35
34 15 17 34 16 28 45 38 50 14 26 61 3 21 43 36 27 38 44 48 42 40 32 44 13 33 38 41 62 0 23 12 18 21 16 56 16 43 32 53
49 19 38 32 22 51 66 60 71 22 18 67 26 23 66 34 47 22 52 65 65 58 50 49 17 31 59 64 86 23 0 25 36 44 9 78 35 55 15 72
25 7 27 23 6 29 54 37 47 25 35 73 13 11 45 47 37 45 56 59 46 33 42 56 8 22 46 47 67 12 25 0 11 26 21 55 27 32 38 63
16 18 26 29 16 19 49 26 35 31 44 76 17 20 36 54 35 55 59 57 38 23 40 60 20 28 40 39 58 18 36 11 0 19 31 44 28 25 48 59
31 32 14 47 31 9 30 19 34 29 44 62 18 36 21 49 19 57 46 40 21 31 23 49 32 46 21 21 42 21 44 26 19 0 37 36 18 41 52 40
46 17 29 34 20 44 57 53 65 14 15 61 18 23 58 29 38 24 45 56 57 54 42 43 14 33 51 56 77 16 9 21 31 37 0 72 26 53 17 64
41 62 49 70 60 28 44 18 14 65 81 90 53 64 18 84 49 93 77 60 23 31 51 81 63 69 38 29 27 56 78 55 44 36 72 0 53 46 88 54
44 31 4 50 32 27 31 37 51 14 29 47 14 37 36 31 12 42 31 32 34 47 16 33 29 49 25 31 53 16 35 27 28 18 26 53 0 54 38 38
10 36 51 31 33 36 69 34 33 56 67 101 42 33 48 79 59 76 84 80 52 15 64 86 39 31 60 56 69 43 55 32 25 41 53 46 54 0 69 80
63 33 42 47 36 60 67 70 82 24 10 58 34 38 73 23 49 7 45 62 72 71 51 41 31 46 63 69 91 32 15 38 48 52 17 88 38 69 0 72
70 68 36 86 68 45 11 49 61 50 62 41 51 73 37 55 26 73 35 11 32 68 22 41 66 85 20 26 35 53 72 63 59 40 64 54 38 80 72 0
Cost:  1508
Route:  0  4  33  16  27  8  28  12  29  17  26  14  22  32  20  38  39  19  36  34  13  10  11  23  30  24  5  18  25  1  7  37  21  3  2  6  15  31  9  35  