60
0 3794 0
1578 1594 6
324 333 6
3724 3733 2
2042 2058 9
3547 3558 8
1171 1176 10
1471 1488 3
716 731 4
2783 2797 1
1346 1359 7
1809 1822 3
3107 3113 9
1432 1439 3
1844 1851 8
2878 2888 1
1109 1122 1
41 49 5
125 135 7
3543 3554 3
464 481 8
1259 1276 8
940 946 7
3153 3168 10
2924 2929 5
1824 1831 6
898 914 6
2611 2626 5
2193 2208 5
1938 1947 5
3414 3424 1
539 556 8
3475 3482 3
2115 2121 5
2442 2449 10
1763 1781 10
1019 1030 2
2459 2467 6
3352 3358 4
3632 3639 3
1222 1235 5
2371 2380 8
1685 1690 3
128 140 4
421 438 7
3009 3019 9
526 536 7
225 236 10
2270 2289 9
3250 3255 1
625 631 6
3323 3340 9
2707 2724 7
2139 2148 3
569 581 2
2505 2520 9
3448 3458 10
2309 2323 8
2804 2810 3
812 819 2
0 93 59 63 61 61 43 41 14 25 14 19 67 53 37 96 67 37 15 13 78 58 88 83 37 97 5 77 90 98 14 73 66 2 74 30 60 61 24 80 96 97 26 98 14 43 91 60 4 71 99 92 44 80 20 31 61 80 90 46
82 0 50 19 69 41 5 19 43 18 99 79 30 37 55 17 39 6 56 19 89 13 36 80 88 89 48 89 35 2 19 10 15 28 52 32 19 31 8 43 58 70 97 31 57 51 41 81 30 75 33 23 6 87 92 95 42 47 17 95
95 20 0 32 32 98 63 68 64 88 34 6 68 14 43 20 30 39 34 90 95 70 63 37 50 90 83 96 49 29 68 43 64 52 16 7 10 77 15 69 96 46 63 50 85 87 63 25 87 61 68 27 68 11 12 33 58 52 42 79
63 63 46 0 72 19 71 27 6 86 43 44 96 22 88 47 14 6 83 96 81 96 47 48 42 18 32 66 76 1 60 54 35 31 46 18 78 22 1 11 17 22 84 13 10 97 98 1 77 22 36 46 62 72 14 63 29 50 13 19
53 12 49 69 0 87 91 69 31 61 39 94 47 64 24 26 68 40 59 4 41 66 77 57 8 69 51 22 54 43 3 94 53 61 51 47 36 99 34 1 19 80 72 36 34 2 75 72 27 71 54 85 64 86 5 71 30 33 3 9
67 69 38 94 27 0 12 37 40 54 85 20 99 61 70 28 63 87 91 17 37 51 15 26 59 73 41 52 33 38 77 32 22 78 66 67 80 27 34 68 26 40 46 24 96 6 19 64 85 46 90 56 91 57 68 94 23 22 30 92
90 9 45 88 95 84 0 29 71 69 4 52 70 90 70 25 54 3 28 97 24 80 78 73 37 28 24 97 40 81 19 13 20 1 94 88 93 62 99 66 44 9 7 80 38 99 41 56 58 80 68 15 33 36 80 97 32 80 97 63
86 97 92 29 44 66 59 0 32 82 51 70 26 40 50 39 9 63 57 17 4 36 8 94 83 49 90 23 7 75 49 92 32 1 24 17 92 95 69 51 36 27 17 84 12 7 83 4 77 36 19 52 13 75 45 52 5 94 30 41
11 10 68 57 65 14 7 44 0 12 46 99 92 92 95 95 11 48 87 31 6 46 73 98 8 66 40 29 31 38 26 39 99 99 70 94 39 1 25 10 66 93 42 48 12 25 62 1 69 35 16 54 1 97 90 68 47 28 45 89
58 2 90 66 10 79 15 38 39 0 10 51 35 4 33 4 6 55 4 52 47 57 22 9 27 77 62 52 78 50 75 64 53 45 30 17 55 93 23 75 85 51 1 7 39 68 17 12 7 70 31 62 27 71 56 44 87 56 14 17
77 68 92 52 1 94 15 45 28 39 0 5 77 78 26 77 62 64 61 76 25 64 13 14 6 44 8 85 80 80 5 26 73 65 13 44 91 74 56 44 92 11 66 24 54 32 32 60 92 37 37 28 25 4 39 98 71 67 2 97
24 42 10 74 34 96 25 65 43 97 16 0 5 1 48 18 98 18 81 87 95 62 88 78 43 3 84 27 42 57 42 14 11 87 46 2 55 41 44 1 89 28 63 96 95 82 52 63 5 46 59 3 89 23 97 71 36 25 4 37
1 96 92 57 9 66 34 19 72 77 68 35 0 29 90 59 39 90 43 40 35 61 6 33 67 66 53 27 84 22 11 92 8 90 27 6 98 9 93 61 50 82 32 19 28 14 64 37 36 19 12 15 36 35 88 43 24 94 86 19
13 59 71 54 18 62 75 41 8 24 84 38 20 0 7 88 53 63 92 98 93 27 64 80 46 96 47 91 46 2 40 6 6 16 53 32 98 67 48 81 76 95 4 48 6 73 6 58 91 22 84 63 21 78 73 11 97 4 28 61
43 77 43 1 78 71 26 86 80 24 78 18 9 3 0 12 5 30 94 62 52 82 14 5 58 5 69 27 34 84 39 6 94 94 35 21 35 27 11 86 98 41 13 6 41 42 9 15 8 11 46 99 72 60 62 92 93 65 16 90
18 34 10 95 76 21 51 94 91 83 40 90 96 31 15 0 83 59 9 62 37 6 97 71 42 7 65 90 12 67 32 71 74 62 84 22 27 9 87 71 47 8 71 48 72 3 26 92 7 32 82 63 88 66 14 37 99 94 49 42
13 43 49 11 21 7 55 47 97 83 69 47 19 78 86 34 0 31 36 3 4 83 10 32 26 53 53 90 66 62 14 42 33 79 92 65 50 33 10 6 47 63 60 45 83 86 45 85 72 32 6 40 59 59 82 84 20 50 16 47
4 92 34 7 42 87 51 25 68 34 98 97 41 40 50 79 70 0 75 57 4 1 16 2 14 92 84 95 84 19 54 50 51 49 28 24 70 44 86 30 64 52 70 47 22 58 41 91 53 14 28 26 22 53 19 4 46 9 55 48
22 58 78 62 43 44 39 75 5 5 23 22 25 17 19 8 6 34 0 41 39 74 82 54 52 37 77 85 20 29 99 40 98 28 17 21 8 45 96 76 48 97 20 1 24 58 17 61 47 51 94 64 84 29 48 80 98 81 12 16
60 98 5 51 84 5 4 81 33 79 31 9 15 74 20 99 99 53 14 0 34 32 45 89 78 79 18 93 32 40 11 36 9 97 37 48 21 35 72 34 92 40 7 11 72 96 69 75 33 9 32 6 10 17 43 46 98 41 23 32
98 59 29 18 52 71 45 96 92 90 43 24 53 78 38 78 61 9 65 3 0 79 99 9 89 4 33 87 70 24 99 92 69 53 13 86 30 28 29 36 97 32 68 33 94 87 57 59 2 98 34 93 99 2 12 22 41 55 17 16
49 14 67 36 18 43 31 94 14 21 71 50 30 72 61 90 16 90 14 20 84 0 80 7 39 84 92 39 5 42 46 14 65 41 47 11 38 25 87 47 90 38 50 19 16 96 61 53 77 26 41 16 89 46 23 56 91 67 91 46
64 25 47 19 77 68 56 16 15 77 43 45 44 32 58 86 91 60 85 62 47 6 0 53 94 4 20 80 20 51 8 22 31 98 82 38 70 26 5 59 33 34 41 57 32 62 99 50 11 21 41 86 36 83 20 20 3 11 37 10
36 64 68 27 69 29 82 45 41 11 57 14 90 64 36 84 78 94 42 72 81 5 30 0 58 66 47 53 54 83 50 30 15 89 73 38 74 95 49 57 92 79 41 34 82 82 92 33 84 84 6 8 73 46 99 96 60 44 2 15
96 39 18 3 70 62 89 44 33 34 81 96 1 91 19 2 11 21 96 5 56 58 86 23 0 39 99 90 54 91 48 6 50 85 77 29 96 49 40 53 9 41 97 6 65 78 93 65 96 28 24 92 34 85 38 97 27 21 93 68
15 33 14 97 38 77 60 80 95 51 1 76 51 74 15 48 98 70 85 36 82 48 28 25 91 0 69 6 20 46 56 62 55 91 99 79 25 63 82 71 22 68 69 94 64 6 98 4 12 95 16 22 17 40 86 10 99 53 40 96
58 4 54 25 73 17 95 78 59 1 8 44 37 46 48 7 9 52 37 45 96 91 33 55 41 74 0 82 79 59 39 80 49 9 23 82 54 34 29 18 13 90 60 91 88 54 76 36 31 47 74 87 71 34 86 41 15 80 77 39
49 67 49 75 76 37 87 83 5 9 69 22 60 7 21 82 40 73 25 62 39 77 40 19 70 57 96 0 39 76 93 26 6 71 32 93 9 18 92 10 96 26 57 36 58 59 65 16 68 2 81 85 86 54 59 15 76 35 6 2
80 22 45 4 65 15 67 79 31 49 31 9 8 26 25 31 30 5 96 43 79 86 35 71 38 72 59 16 0 43 70 41 66 90 63 26 9 41 40 85 13 68 98 1 53 7 73 76 69 64 18 14 83 87 22 53 77 4 84 80
3 46 64 76 96 98 52 70 20 81 79 85 68 17 53 84 27 56 11 94 92 31 44 69 19 90 94 61 3 0 47 97 79 33 85 44 7 70 10 39 35 99 68 69 61 43 22 5 30 74 21 70 4 33 12 96 98 69 49 59
14 78 8 60 25 83 80 92 86 58 52 59 34 12 3 27 5 73 53 7 89 6 99 73 24 76 80 19 11 68 0 93 46 14 85 16 73 19 91 41 86 95 26 14 17 42 6 45 31 17 42 46 48 83 23 10 27 9 4 62
72 36 98 10 86 82 49 80 21 98 75 23 65 72 6 54 73 92 38 37 51 69 36 36 97 44 23 39 95 14 74 0 3 33 76 29 35 23 85 86 52 12 70 67 33 99 47 52 82 19 53 2 76 46 19 8 92 13 71 70
85 79 75 71 72 79 22 80 45 29 74 45 28 28 91 28 3 72 34 63 50 64 73 55 17 52 77 20 56 65 26 74 0 62 56 12 56 48 81 73 18 19 12 32 10 12 38 78 21 17 1 51 31 13 76 75 89 43 97 46
21 32 84 9 77 32 76 82 48 67 18 8 84 35 68 9 74 80 63 76 15 64 17 17 48 2 53 2 93 85 40 89 39 0 90 24 75 44 62 43 54 26 43 60 72 29 39 82 1 52 82 5 83 23 85 81 12 60 92 75
98 7 79 3 45 96 96 61 76 99 8 77 76 77 86 64 35 81 35 26 63 58 86 72 53 36 39 50 98 33 48 86 4 30 0 87 49 5 82 22 36 93 54 39 65 17 19 2 34 68 88 31 97 6 42 65 52 3 87 96
39 72 86 6 75 17 84 37 40 52 84 40 79 31 78 5 56 6 10 55 90 61 74 8 62 12 2 60 82 53 38 85 22 88 32 0 83 45 53 16 23 92 58 61 75 68 37 76 37 52 28 27 3 53 88 85 91 37 34 97
13 48 80 69 9 63 42 66 14 48 89 56 43 33 41 65 93 56 95 20 18 83 4 88 33 10 81 9 75 53 52 7 83 47 99 99 0 70 68 78 29 25 90 63 7 56 52 25 89 94 38 28 64 84 62 46 9 15 92 71
55 28 57 71 28 94 71 93 92 21 1 15 18 99 86 87 64 29 12 51 50 35 15 16 90 96 8 12 12 10 83 76 48 8 6 37 42 0 92 17 84 58 4 40 55 56 47 17 95 88 23 71 11 9 45 42 2 98 2 12
58 71 69 58 77 3 50 41 41 53 58 62 10 70 18 4 71 82 44 3 4 58 43 89 28 36 16 2 17 56 62 8 72 86 85 75 13 93 0 82 46 72 95 37 91 63 52 92 61 5 33 95 32 83 63 60 99 27 56 44
79 62 31 87 72 90 94 75 93 42 49 46 19 40 70 20 76 61 60 37 64 2 87 4 3 28 50 60 57 70 80 69 19 14 26 95 21 62 38 0 16 1 82 39 71 75 12 27 71 74 78 97 30 39 76 82 30 14 98 30
21 47 86 88 32 74 13 12 81 76 70 72 92 6 23 65 78 8 9 20 28 33 87 42 43 82 79 2 73 57 58 3 43 89 52 20 38 3 47 18 0 32 44 17 33 87 38 57 54 16 77 66 71 65 75 16 83 34 37 14
40 9 3 67 35 75 53 25 37 11 94 23 88 20 15 77 40 31 48 10 30 15 86 9 27 97 8 72 40 56 69 9 49 28 64 38 58 62 96 89 70 0 53 69 76 84 87 92 32 44 4 70 55 63 23 34 46 81 16 1
68 53 84 93 84 86 73 87 9 18 16 40 8 19 98 53 85 23 47 44 69 81 38 50 31 86 51 47 74 95 8 66 86 78 69 72 88 58 73 41 23 74 0 87 67 86 89 33 3 86 29 3 15 30 97 64 31 42 95 81
93 86 31 79 5 89 95 36 16 68 9 88 49 46 87 45 89 51 72 81 52 27 37 5 80 17 30 38 1 78 87 60 84 7 9 18 49 97 70 60 77 56 11 0 33 21 72 89 56 90 45 71 50 48 86 37 51 6 31 87
12 48 53 64 5 23 37 26 85 50 17 55 41 77 47 85 62 12 56 70 33 63 63 46 14 11 47 87 72 87 66 20 79 8 93 30 86 41 49 53 27 97 57 66 0 12 29 53 71 56 26 4 74 47 99 37 21 83 20 7
65 29 57 85 50 31 71 98 39 37 70 86 88 3 58 26 62 73 24 99 56 79 12 84 65 18 33 5 82 74 23 30 65 5 29 75 6 58 31 75 96 92 84 71 13 0 57 10 67 29 60 47 3 63 24 55 83 3 72 39
9 59 69 73 45 86 34 93 20 98 70 62 58 96 37 1 11 15 59 41 38 52 32 94 21 12 62 72 29 4 33 4 4 19 8 84 12 83 28 47 46 28 41 52 3 14 0 84 10 20 20 86 18 49 45 37 13 7 28 29
4 99 92 99 86 10 59 75 11 54 80 95 55 4 83 6 78 62 79 37 90 28 5 78 36 44 54 24 10 88 85 34 58 80 63 95 17 36 90 97 62 17 67 32 90 2 86 0 71 61 98 98 20 84 17 88 70 32 33 56
88 71 26 33 74 4 62 47 32 59 31 52 76 84 53 33 85 90 86 27 85 22 48 72 60 60 43 36 91 17 96 52 74 9 1 57 84 17 1 45 22 2 33 4 83 5 29 17 0 63 18 52 66 84 82 71 53 33 84 86
84 10 79 53 90 7 8 35 6 26 17 56 83 79 74 67 85 54 79 42 46 83 36 41 29 96 42 38 75 81 26 54 33 45 8 50 28 33 9 77 10 32 81 92 55 17 54 55 36 0 67 70 55 77 1 97 61 70 99 49
63 88 57 86 33 14 86 57 87 97 65 14 78 16 39 45 64 63 51 42 88 42 89 38 86 92 2 84 39 53 56 82 69 10 19 12 23 24 74 48 30 95 23 55 2 34 15 53 36 14 0 81 70 85 29 48 12 67 88 81
23 78 84 45 2 77 74 67 64 53 75 58 78 23 44 14 53 83 39 11 71 59 4 84 65 31 43 5 88 12 16 39 33 74 76 19 23 5 21 52 33 97 87 50 6 96 21 26 70 48 78 0 48 66 72 71 22 27 3 66
74 22 49 54 57 90 67 8 42 73 59 17 33 97 15 82 52 11 70 69 19 57 82 25 30 14 88 28 63 33 20 7 41 47 24 11 66 82 38 25 73 46 8 20 60 8 63 87 31 41 40 34 0 31 38 81 48 43 97 74
65 30 30 63 91 86 5 61 55 58 85 5 17 55 53 89 40 93 80 78 38 62 11 91 44 39 61 10 51 78 81 7 27 54 8 35 58 99 68 65 39 31 61 12 5 45 99 66 37 29 78 41 39 0 20 84 73 16 9 96
54 54 37 21 34 3 75 83 66 92 55 27 42 98 29 71 39 59 57 67 4 69 48 80 79 18 84 48 7 93 82 10 98 27 6 2 4 33 20 6 64 98 83 83 52 45 77 79 30 32 52 15 47 65 0 75 33 3 96 57
1 56 97 19 3 13 23 45 29 19 22 66 4 68 12 33 44 80 92 48 40 5 34 39 78 1 40 99 87 18 20 52 95 11 85 10 2 74 10 38 25 55 99 2 93 21 80 28 96 56 75 96 14 38 29 0 46 67 39 15
69 21 98 6 97 86 29 53 19 16 36 23 5 95 51 77 29 95 53 81 11 59 21 96 98 62 77 83 21 30 52 78 18 50 81 36 90 10 38 9 92 14 55 42 74 36 97 98 71 18 76 49 36 61 72 41 0 43 45 30
28 25 8 59 73 32 65 96 30 75 27 63 49 74 39 48 96 16 13 68 71 14 69 30 73 99 80 32 3 68 53 27 74 98 24 60 5 95 40 50 93 45 1 2 27 21 21 38 21 97 12 12 72 91 68 14 16 0 16 21
10 71 67 94 57 25 32 32 96 77 54 30 73 73 39 73 72 53 98 73 29 68 6 78 90 87 83 26 39 50 67 93 29 2 31 28 22 24 36 64 14 87 64 41 22 81 29 90 53 3 39 80 23 5 4 78 79 4 0 47
35 11 8 92 99 75 99 50 16 29 60 81 68 38 20 88 5 43 9 47 75 31 39 5 44 82 84 54 71 5 41 61 41 89 82 40 33 20 69 93 45 15 48 14 19 15 12 33 13 63 23 65 9 26 42 31 66 74 59 0
0 16 17 28 57 24 26 11 17 16 42 27 40 29 22 16 18 25 40 31 5 38 22 46 35 11 11 29 31 38 60 50 47 32 30 11 43 12 36 25 20 22 38 35 12 30 9 39 56 44 34 38 58 44 35 34 35 10 21 35
16 0 30 21 46 23 37 10 20 32 54 40 52 13 11 6 25 39 30 35 18 49 9 62 32 24 18 25 29 42 67 44 47 36 17 25 45 21 49 31 24 33 51 37 8 46 13 52 45 50 23 41 47 30 33 48 21 22 29 36
17 30 0 45 74 40 11 28 18 14 45 31 45 44 39 32 32 26 57 44 20 45 38 40 34 6 14 45 30 50 70 67 61 45 47 6 35 10 38 16 35 31 21 28 29 26 18 43 73 54 50 29 75 53 32 34 51 22 13 29
28 21 45 0 29 9 54 18 40 40 49 39 45 22 11 16 20 40 12 21 26 41 15 64 53 40 36 5 50 28 51 23 27 22 13 39 66 39 46 50 16 29 66 58 17 50 31 47 28 36 9 62 31 44 54 48 14 26 48 57
57 46 74 29 0 37 82 46 65 69 73 66 69 37 35 42 48 68 17 44 55 65 37 92 73 68 63 31 72 47 64 18 37 45 29 67 89 66 72 76 44 57 94 82 45 78 58 72 2 54 23 86 2 53 75 75 25 55 74 80
24 23 40 9 37 0 50 16 39 32 39 30 36 28 15 17 11 32 20 13 21 32 19 55 54 35 34 6 51 20 44 27 24 14 21 34 66 36 36 48 7 20 60 57 16 41 29 37 35 28 18 61 38 50 55 38 23 19 45 57
26 37 11 54 82 50 0 37 19 25 55 42 56 49 47 40 43 37 66 55 30 56 45 47 30 15 19 55 26 62 81 77 72 56 54 17 25 16 49 10 46 42 16 20 37 35 24 53 81 66 59 20 84 54 27 44 58 33 9 22
11 10 28 18 46 16 37 0 23 25 44 31 42 21 11 6 15 30 29 26 10 39 13 53 39 22 19 19 35 33 57 40 39 27 20 22 50 21 39 33 15 23 49 42 2 38 14 42 45 40 23 45 48 40 39 39 24 13 30 41
17 20 18 40 65 39 19 23 0 28 57 43 57 30 30 24 35 39 50 47 22 55 28 57 19 13 6 42 14 55 78 63 62 49 36 17 27 8 51 11 37 39 35 18 23 42 9 55 65 61 42 22 67 36 18 48 41 27 10 18
16 32 14 40 69 32 25 25 28 0 30 17 31 45 36 31 22 12 52 33 15 30 38 30 47 15 22 38 42 38 56 59 50 33 45 12 49 20 24 30 26 18 29 42 27 14 23 28 67 41 47 43 70 60 45 20 49 13 26 43
42 54 45 49 73 39 55 44 57 30 0 14 4 64 52 50 30 18 58 29 37 9 55 24 76 45 51 44 72 27 31 57 40 28 60 42 79 50 6 60 33 21 54 72 46 22 50 2 71 23 58 74 74 84 75 12 62 32 57 73
27 40 31 39 66 30 42 31 43 17 14 0 14 52 40 37 19 5 50 23 23 14 43 25 62 31 37 35 57 26 40 53 39 24 49 28 65 35 9 46 23 10 43 58 33 14 36 12 65 26 48 60 67 70 60 9 52 18 43 59
40 52 45 45 69 36 56 42 57 31 4 14 0 62 49 48 27 19 55 25 36 4 53 28 75 45 50 40 71 23 28 53 36 24 57 42 80 50 8 60 30 19 56 72 44 24 49 4 67 19 54 74 70 82 74 14 59 31 57 73
29 13 44 22 37 28 49 21 30 45 64 52 62 0 13 15 35 51 25 41 31 58 9 74 36 37 30 27 35 48 72 41 49 42 10 39 52 34 60 41 32 43 64 45 19 58 26 62 37 56 17 49 39 22 38 60 13 34 40 43
22 11 39 11 35 15 47 11 30 36 52 40 49 13 0 7 22 40 19 28 22 46 4 64 42 32 28 15 39 36 60 33 37 30 9 33 56 31 48 41 19 31 59 48 10 48 22 50 35 43 12 52 37 35 44 49 13 24 39 47
16 6 32 16 42 17 40 6 24 31 50 37 48 15 7 0 20 36 26 29 16 44 7 59 37 26 21 19 34 37 61 39 41 30 15 26 50 24 45 35 19 28 53 42 4 44 16 48 41 44 19 46 44 35 38 45 19 19 32 41
18 25 32 20 48 11 43 15 35 22 30 19 27 35 22 20 0 20 32 12 14 24 25 44 53 28 30 17 49 20 43 37 29 14 30 26 61 30 26 43 4 9 51 53 17 30 26 28 47 26 29 56 50 55 53 28 33 10 39 53
25 39 26 40 68 32 37 30 39 12 18 5 19 51 40 36 20 0 52 27 21 19 43 24 58 27 33 37 54 30 45 56 43 27 49 23 61 32 12 42 24 12 38 54 32 10 33 16 67 31 49 55 70 69 57 9 52 17 38 54
40 30 57 12 17 20 66 29 50 52 58 50 55 25 19 26 32 52 0 30 38 50 22 75 60 51 47 15 58 34 55 16 28 30 16 51 75 50 56 61 27 40 78 67 28 61 42 57 16 42 8 71 19 45 62 59 13 38 58 66
31 35 44 21 44 13 55 26 47 33 29 23 25 41 28 29 12 27 30 0 26 21 32 48 64 41 42 16 61 8 32 30 17 1 34 38 74 43 27 55 11 15 62 66 27 37 38 27 42 15 30 69 45 63 64 31 35 22 52 65
5 18 20 26 55 21 30 10 22 15 37 23 36 31 22 16 14 21 38 26 0 34 23 44 40 15 16 26 36 33 55 47 42 27 31 13 48 17 32 29 16 17 40 40 12 28 13 35 54 39 33 43 57 48 40 30 34 5 26 40
38 49 45 41 65 32 56 39 55 30 9 14 4 58 46 44 24 19 50 21 34 0 49 31 74 44 49 36 69 19 26 49 32 20 53 41 79 48 10 59 26 17 57 71 41 26 47 8 63 15 50 73 65 79 73 16 55 29 56 72
22 9 38 15 37 19 45 13 28 38 55 43 53 9 4 7 25 43 22 32 23 49 0 66 39 32 26 19 36 40 64 36 41 34 9 33 53 30 51 39 23 34 59 45 11 50 21 53 36 48 14 49 39 31 40 51 13 26 37 44
46 62 40 64 92 55 47 53 57 30 24 25 28 74 64 59 44 24 75 48 44 31 66 0 74 44 51 61 70 49 54 78 63 48 73 40 72 49 21 55 48 35 39 67 55 16 53 24 90 46 72 67 93 90 72 17 76 40 52 68
35 32 34 53 73 54 30 39 19 47 76 62 75 36 42 37 53 58 60 64 40 74 39 74 0 31 25 56 4 72 95 75 78 66 45 35 17 26 70 20 54 57 46 13 38 60 27 74 73 78 52 17 75 29 4 67 49 45 22 11
11 24 6 40 68 35 15 22 13 15 45 31 45 37 32 26 28 27 51 41 15 44 32 44 31 0 8 40 27 48 68 62 57 42 40 4 35 5 39 15 31 29 27 27 23 28 12 43 67 52 44 29 69 48 30 36 45 18 12 28
11 18 14 36 63 34 19 19 6 22 51 37 50 30 28 21 30 33 47 42 16 49 26 51 25 8 0 38 21 49 72 59 57 43 35 11 32 4 45 14 31 33 33 24 19 36 5 49 62 55 40 27 65 40 24 42 39 21 11 24
29 25 45 5 31 6 55 19 42 38 44 35 40 27 15 19 17 37 15 16 26 36 19 61 56 40 38 0 53 22 46 22 22 17 19 39 69 40 41 52 13 26 65 61 19 47 33 42 30 30 14 64 33 49 57 44 19 25 49 60
31 29 30 50 72 51 26 35 14 42 72 57 71 35 39 34 49 54 58 61 36 69 36 70 4 27 21 53 0 68 91 73 74 62 43 30 18 22 65 16 50 53 42 11 35 55 23 69 71 74 50 16 74 30 4 62 47 41 18 9
38 42 50 28 47 20 62 33 55 38 27 26 23 48 36 37 20 30 34 8 33 19 40 49 72 48 49 22 68 0 24 30 14 6 41 45 81 50 28 62 19 20 67 73 35 40 46 26 45 8 36 76 47 70 72 32 41 29 59 73
60 67 70 51 64 44 81 57 78 56 31 40 28 72 60 61 43 45 55 32 55 26 64 54 95 68 72 46 91 24 0 46 27 30 64 65 103 72 36 84 42 39 83 95 59 52 69 32 62 17 59 98 64 94 95 42 64 51 80 95
50 44 67 23 18 27 77 40 63 59 57 53 53 41 33 39 37 56 16 30 47 49 36 78 75 62 59 22 73 30 46 0 19 30 31 61 89 62 57 73 33 44 87 81 40 66 54 56 16 37 23 85 18 61 77 61 28 46 71 80
47 47 61 27 37 24 72 39 62 50 40 39 36 49 37 41 29 43 28 17 42 32 41 63 78 57 57 22 74 14 27 19 0 16 40 55 89 59 41 71 26 32 79 81 40 53 53 40 35 18 33 84 37 71 79 46 39 39 68 80
32 36 45 22 45 14 56 27 49 33 28 24 24 42 30 30 14 27 30 1 27 20 34 48 66 42 43 17 62 6 30 30 16 0 35 39 75 44 27 56 12 16 63 67 28 37 39 27 43 14 31 70 46 64 66 31 36 23 53 67
30 17 47 13 29 21 54 20 36 45 60 49 57 10 9 15 30 49 16 34 31 53 9 73 45 40 35 19 43 41 64 31 40 35 0 41 60 38 56 48 27 39 67 53 19 57 30 58 28 49 8 57 31 31 47 57 4 33 46 51
11 25 6 39 67 34 17 22 17 12 42 28 42 39 33 26 26 23 51 38 13 41 33 40 35 4 11 39 30 45 65 61 55 39 41 0 38 9 35 19 29 26 27 30 23 25 14 40 66 49 44 32 69 50 33 32 45 16 15 31
43 45 35 66 89 66 25 50 27 49 79 65 80 52 56 50 61 61 75 74 48 79 53 72 17 35 32 69 18 81 103 89 89 75 60 38 0 31 73 19 63 64 37 8 50 60 36 77 89 86 67 6 91 46 14 69 65 52 23 9
12 21 10 39 66 36 16 21 8 20 50 35 50 34 31 24 30 32 50 43 17 48 30 49 26 5 4 40 22 50 72 62 59 44 38 9 31 0 44 12 33 32 30 23 22 34 9 48 65 55 43 26 68 43 25 40 43 21 9 24
36 49 38 46 72 36 49 39 51 24 6 9 8 60 48 45 26 12 56 27 32 10 51 21 70 39 45 41 65 28 36 57 41 27 56 35 73 44 0 54 30 17 48 66 41 16 44 4 70 25 55 67 73 79 69 6 59 27 50 67
25 31 16 50 76 48 10 33 11 30 60 46 60 41 41 35 43 42 61 55 29 59 39 55 20 15 14 52 16 62 84 73 71 56 48 19 19 12 54 0 45 44 26 12 33 41 19 58 76 67 53 14 78 44 17 50 52 33 4 13
20 24 35 16 44 7 46 15 37 26 33 23 30 32 19 19 4 24 27 11 16 26 23 48 54 31 31 13 50 19 42 33 26 12 27 29 63 33 30 45 0 13 54 55 16 34 27 31 43 25 25 58 45 53 54 31 29 13 42 55
22 33 31 29 57 20 42 23 39 18 21 10 19 43 31 28 9 12 40 15 17 17 34 35 57 29 33 26 53 20 39 44 32 16 39 26 64 32 17 44 13 0 47 56 25 22 30 19 55 23 38 58 58 63 57 18 42 12 41 56
38 51 21 66 94 60 16 49 35 29 54 43 56 64 59 53 51 38 78 62 40 57 59 39 46 27 33 65 42 67 83 87 79 63 67 27 37 30 48 26 54 47 0 34 50 32 38 52 93 69 71 32 96 70 42 42 72 41 25 36
35 37 28 58 82 57 20 42 18 42 72 58 72 45 48 42 53 54 67 66 40 71 45 67 13 27 24 61 11 73 95 81 81 67 53 30 8 23 66 12 55 56 34 0 41 53 28 70 81 78 59 4 84 42 9 62 57 44 16 2
12 8 29 17 45 16 37 2 23 27 46 33 44 19 10 4 17 32 28 27 12 41 11 55 38 23 19 19 35 35 59 40 40 28 19 23 50 22 41 33 16 25 50 41 0 40 14 44 44 42 22 45 47 38 39 41 23 15 30 41
30 46 26 50 78 41 35 38 42 14 22 14 24 58 48 44 30 10 61 37 28 26 50 16 60 28 36 47 55 40 52 66 53 37 57 25 60 34 16 41 34 22 32 53 40 0 37 21 77 40 58 54 79 74 58 10 61 25 38 54
9 13 18 31 58 29 24 14 9 23 50 36 49 26 22 16 26 33 42 38 13 47 21 53 27 12 5 33 23 46 69 54 53 39 30 14 36 9 44 19 27 30 38 28 14 37 0 48 57 52 35 31 60 37 27 42 34 18 16 28
39 52 43 47 72 37 53 42 55 28 2 12 4 62 50 48 28 16 57 27 35 8 53 24 74 43 49 42 69 26 32 56 40 27 58 40 77 48 4 58 31 19 52 70 44 21 48 0 70 22 56 72 72 82 73 10 60 30 54 71
56 45 73 28 2 35 81 45 65 67 71 65 67 37 35 41 47 67 16 42 54 63 36 90 73 67 62 30 71 45 62 16 35 43 28 66 89 65 70 76 43 55 93 81 44 77 57 70 0 52 22 86 3 53 75 73 24 54 73 80
44 50 54 36 54 28 66 40 61 41 23 26 19 56 43 44 26 31 42 15 39 15 48 46 78 52 55 30 74 8 17 37 18 14 49 49 86 55 25 67 25 23 69 78 42 40 52 22 52 0 44 81 55 78 78 31 50 34 64 78
34 23 50 9 23 18 59 23 42 47 58 48 54 17 12 19 29 49 8 30 33 50 14 72 52 44 40 14 50 36 59 23 33 31 8 44 67 43 55 53 25 38 71 59 22 58 35 56 22 44 0 64 25 38 54 56 6 34 51 58
38 41 29 62 86 61 20 45 22 43 74 60 74 49 52 46 56 55 71 69 43 73 49 67 17 29 27 64 16 76 98 85 84 70 57 32 6 26 67 14 58 58 32 4 45 54 31 72 86 81 64 0 88 46 13 63 61 47 17 6
58 47 75 31 2 38 84 48 67 70 74 67 70 39 37 44 50 70 19 45 57 65 39 93 75 69 65 33 74 47 64 18 37 46 31 69 91 68 73 78 45 58 96 84 47 79 60 72 3 55 25 88 0 55 77 76 26 57 76 82
44 30 53 44 53 50 54 40 36 60 84 70 82 22 35 35 55 69 45 63 48 79 31 90 29 48 40 49 30 70 94 61 71 64 31 50 46 43 79 44 53 63 70 42 38 74 37 82 53 78 38 46 55 0 33 78 33 52 45 40
35 33 32 54 75 55 27 39 18 45 75 60 74 38 44 38 53 57 62 64 40 73 40 72 4 30 24 57 4 72 95 77 79 66 47 33 14 25 69 17 54 57 42 9 39 58 27 73 75 78 54 13 77 33 0 65 51 45 20 7
34 48 34 48 75 38 44 39 48 20 12 9 14 60 49 45 28 9 59 31 30 16 51 17 67 36 42 44 62 32 42 61 46 31 57 32 69 40 6 50 31 18 42 62 41 10 42 10 73 31 56 63 76 78 65 0 60 26 46 63
35 21 51 14 25 23 58 24 41 49 62 52 59 13 13 19 33 52 13 35 34 55 13 76 49 45 39 19 47 41 64 28 39 36 4 45 65 43 59 52 29 42 72 57 23 61 34 60 24 50 6 61 26 33 51 60 0 36 50 56
10 22 22 26 55 19 33 13 27 13 32 18 31 34 24 19 10 17 38 22 5 29 26 40 45 18 21 25 41 29 51 46 39 23 33 16 52 21 27 33 13 12 41 44 15 25 18 30 54 34 34 47 57 52 45 26 36 0 30 44
21 29 13 48 74 45 9 30 10 26 57 43 57 40 39 32 39 38 58 52 26 56 37 52 22 12 11 49 18 59 80 71 68 53 46 15 23 9 50 4 42 41 25 16 30 38 16 54 73 64 51 17 76 45 20 46 50 30 0 16
35 36 29 57 80 57 22 41 18 43 73 59 73 43 47 41 53 54 66 65 40 72 44 68 11 28 24 60 9 73 95 80 80 67 51 31 9 24 67 13 55 56 36 2 41 54 28 71 80 78 58 6 82 40 7 63 56 44 16 0
Cost:  2427
Route:  0  17  18  43  47  2  44  20  46  31  54  50  8  59  26  22  36  16  6  40  21  10  13  7  1  42  35  11  25  14  29  4  33  53  28  48  57  41  34  37  55  27  52  9  58  15  24  45  12  23  49  51  38  30  56  32  19  5  39  3  