30
0 1820 0
749 762 6
1667 1684 4
768 782 7
705 718 9
857 871 6
84 89 10
366 374 5
1203 1223 9
252 257 8
295 306 1
1153 1162 9
169 183 4
1347 1356 2
259 275 3
1379 1391 1
1573 1590 9
915 927 5
587 595 5
1773 1780 7
1691 1697 6
941 950 8
1467 1472 9
1296 1310 3
440 459 9
1079 1088 9
541 547 6
602 607 9
970 992 9
1804 1815 6
0 36 24 60 24 36 83 17 85 88 99 32 32 16 15 24 43 8 29 72 56 65 45 8 83 38 73 74 14 53
93 0 36 17 88 79 53 64 52 40 4 89 68 69 96 3 28 49 84 64 87 75 43 71 45 88 72 92 53 15
99 93 0 38 63 64 20 20 69 64 94 21 24 97 83 32 80 47 83 10 14 60 32 15 91 14 51 61 47 26
35 12 75 0 7 79 8 39 50 8 36 89 1 54 49 96 54 76 81 11 38 53 69 2 69 4 60 10 81 82
45 27 49 23 0 20 54 88 37 13 41 36 56 76 44 27 68 88 27 81 35 42 35 65 34 83 24 40 44 3
3 84 49 85 56 0 88 36 60 12 33 71 7 41 93 94 66 49 89 7 52 85 33 72 35 9 68 57 13 78
50 41 94 68 62 47 0 38 44 8 24 48 77 67 7 75 61 45 42 61 61 35 92 96 67 89 5 85 20 65
21 96 63 43 70 63 97 0 94 90 22 49 14 36 36 75 43 88 64 21 34 85 73 49 63 36 71 83 21 16
51 64 93 41 79 82 16 68 0 72 82 27 92 36 31 82 27 8 28 98 37 27 99 84 26 17 65 61 50 14
31 78 87 97 94 26 53 3 63 0 3 66 31 26 3 81 40 14 86 57 10 34 2 34 90 28 6 93 22 65
17 47 13 37 73 98 19 73 40 78 0 62 66 17 28 9 21 24 23 15 70 70 10 33 56 96 78 85 14 25
27 47 70 31 85 88 72 92 46 11 36 0 33 44 42 52 32 56 76 39 20 34 43 84 32 38 24 81 38 93
10 70 89 5 58 91 11 55 84 73 13 40 0 29 22 65 2 16 74 45 61 2 97 18 66 3 34 66 6 6
10 25 5 70 96 10 71 83 77 74 55 71 98 0 43 33 86 67 60 66 55 59 91 19 48 47 88 50 61 39
23 43 24 32 52 72 34 62 20 76 27 44 99 70 0 62 15 59 91 43 26 52 24 18 66 59 8 3 52 99
29 87 22 63 11 80 24 13 3 83 62 86 79 21 88 0 78 16 21 65 45 40 80 37 93 84 50 46 11 2
70 90 89 21 24 44 22 1 42 14 37 78 20 42 29 37 0 15 40 82 23 82 31 72 93 99 78 59 88 28
40 15 96 58 79 75 92 55 29 47 83 72 7 69 41 95 9 0 40 64 98 17 89 48 78 94 19 30 65 30
64 17 41 16 42 14 84 89 53 71 57 6 2 55 47 83 72 69 0 96 77 4 37 30 16 23 83 6 91 72
24 80 65 61 13 76 51 41 28 93 55 15 59 30 32 31 32 97 36 0 5 87 90 14 8 87 29 64 9 21
13 44 34 85 63 87 50 15 51 11 76 16 36 40 7 86 81 41 33 71 0 91 27 52 54 92 32 90 87 51
36 7 33 63 55 15 76 34 34 33 61 93 4 59 96 80 45 61 40 51 88 0 48 50 26 72 47 10 25 86
52 58 48 99 62 84 40 29 31 8 17 94 87 29 57 84 92 10 23 20 37 64 0 29 39 86 97 92 56 29
41 39 14 10 12 74 15 32 63 89 38 65 29 41 58 19 75 76 29 14 67 99 74 0 55 60 5 44 31 6
32 34 24 59 1 75 3 53 90 2 66 68 28 17 7 44 51 80 46 26 61 96 56 50 0 85 88 49 33 79
45 55 87 33 36 68 65 33 58 97 60 60 90 4 31 59 15 55 8 68 90 69 10 38 50 0 71 76 83 49
51 72 88 8 30 77 87 51 7 12 51 83 51 15 19 47 40 88 38 25 29 86 51 85 59 25 0 16 20 47
94 74 1 70 97 81 27 25 31 91 70 38 72 31 88 94 72 93 95 90 80 23 31 48 85 67 74 0 90 65
54 30 53 6 40 25 30 28 60 28 86 13 26 31 11 49 83 82 40 69 14 57 45 95 85 93 90 60 0 5
5 72 6 68 34 93 52 8 48 58 48 19 51 62 23 8 6 23 57 79 28 56 1 97 3 54 44 38 20 0
0 11 19 40 45 26 29 69 24 57 57 28 68 60 56 76 41 13 12 21 46 18 34 31 33 38 55 19 52 40
11 0 8 37 38 19 38 73 22 55 47 33 63 57 62 69 32 21 12 16 43 7 25 39 32 40 52 27 54 31
19 8 0 33 31 14 43 74 22 51 40 35 57 53 65 62 24 27 15 14 40 3 18 44 31 41 49 35 54 24
40 37 33 0 16 19 40 50 17 18 58 27 28 20 47 38 26 36 28 21 7 36 21 40 10 20 16 59 28 21
45 38 31 16 0 19 53 65 26 28 45 40 27 29 62 31 13 45 34 25 21 34 13 53 24 36 27 64 44 9
26 19 14 19 19 0 39 63 12 37 45 28 44 39 56 50 18 27 15 6 26 17 9 40 18 30 35 45 43 15
29 38 43 40 53 39 0 43 28 50 82 14 67 52 28 77 57 16 28 34 41 44 48 2 30 24 47 38 33 53
69 73 74 50 65 63 43 0 53 42 107 41 60 43 16 72 76 56 61 61 44 76 69 41 45 34 41 81 21 71
24 22 22 17 26 12 28 53 0 34 56 17 45 36 45 54 29 19 12 8 22 24 20 28 10 19 31 42 33 25
57 55 51 18 28 37 50 42 34 0 72 37 19 3 45 31 41 50 45 39 12 54 37 49 24 26 3 76 24 36
57 47 40 58 45 45 82 107 56 72 0 73 67 73 101 65 32 67 54 49 65 40 38 83 62 74 72 69 86 37
28 33 35 27 40 28 14 41 17 37 73 0 53 40 29 64 45 16 21 24 27 37 36 13 16 12 34 43 24 41
68 63 57 28 27 44 67 60 45 19 67 53 0 17 64 12 39 64 56 48 26 60 40 66 38 44 21 87 43 36
60 57 53 20 29 39 52 43 36 3 73 40 17 0 47 29 42 53 48 41 14 57 39 51 27 29 6 78 26 37
56 62 65 47 62 56 28 16 45 45 101 29 64 47 0 76 71 43 50 52 42 67 63 26 39 27 43 66 21 66
76 69 62 38 31 50 77 72 54 31 65 64 12 29 76 0 41 73 64 55 37 65 45 77 48 55 33 95 55 39
41 32 24 26 13 18 57 76 29 41 32 45 39 42 71 41 0 45 32 24 33 26 9 57 32 44 40 59 54 5
13 21 27 36 45 27 16 56 19 50 67 16 64 53 43 73 45 0 13 21 39 28 36 18 26 27 47 27 40 42
12 12 15 28 34 15 28 61 12 45 54 21 56 48 50 64 32 13 0 9 34 16 24 29 22 28 43 31 43 30
21 16 14 21 25 6 34 61 8 39 49 24 48 41 52 55 24 21 9 0 27 16 15 34 17 27 37 40 41 21
46 43 40 7 21 26 41 44 22 12 65 27 26 14 42 37 33 39 34 27 0 43 28 40 13 18 9 64 23 28
18 7 3 36 34 17 44 76 24 54 40 37 60 57 67 65 26 28 16 16 43 0 21 45 34 43 52 33 57 27
34 25 18 21 13 9 48 69 20 37 38 36 40 39 63 45 9 36 24 15 28 21 0 48 24 36 36 52 48 7
31 39 44 40 53 40 2 41 28 49 83 13 66 51 26 77 57 18 29 34 40 45 48 0 29 22 46 40 31 54
33 32 31 10 24 18 30 45 10 24 62 16 38 27 39 48 32 26 22 17 13 34 24 29 0 12 21 51 24 27
38 40 41 20 36 30 24 34 19 26 74 12 44 29 27 55 44 27 28 27 18 43 36 22 12 0 23 54 14 39
55 52 49 16 27 35 47 41 31 3 72 34 21 6 43 33 40 47 43 37 9 52 36 46 21 23 0 73 22 35
19 27 35 59 64 45 38 81 42 76 69 43 87 78 66 95 59 27 31 40 64 33 52 40 51 54 73 0 67 59
52 54 54 28 44 43 33 21 33 24 86 24 43 26 21 55 54 40 43 41 23 57 48 31 24 14 22 67 0 50
40 31 24 21 9 15 53 71 25 36 37 41 36 37 66 39 5 42 30 21 28 27 7 54 27 39 35 59 50 0
Cost:  1135
Route:  0  6  12  9  14  10  7  24  26  18  27  4  1  3  5  17  21  28  25  11  8  23  13  15  22  16  2  20  19  29  