20
0 1297 0
1080 1088 6
359 371 3
126 144 9
710 717 1
310 317 3
624 643 8
747 752 5
379 385 10
1189 1200 10
954 965 3
561 566 8
1228 1234 1
1033 1045 5
51 60 1
1165 1180 9
226 233 4
885 890 10
845 859 4
460 473 8
0 38 90 39 91 15 46 80 37 19 93 27 97 36 55 56 50 17 47 22
76 0 62 33 11 43 96 61 59 65 77 36 91 5 4 81 22 53 64 33
3 23 0 21 56 34 33 72 15 51 8 51 47 36 64 72 78 39 29 78
4 58 56 0 28 37 3 34 24 65 59 52 77 29 60 10 92 92 10 35
63 5 6 66 0 3 40 33 86 81 61 25 40 50 88 19 31 21 91 5
61 79 49 77 82 0 90 9 25 81 76 21 27 4 77 30 80 15 68 93
54 68 88 32 69 50 0 97 69 20 35 10 4 94 42 35 79 5 35 92
42 73 20 48 53 58 4 0 46 29 16 29 26 88 73 26 91 68 96 34
82 30 93 47 69 29 39 48 0 37 90 61 9 12 59 25 42 54 39 67
62 7 39 10 95 67 73 81 3 0 36 32 26 32 14 55 68 65 43 7
84 20 13 38 73 98 73 31 98 3 0 89 45 66 97 59 14 17 2 74
88 49 76 2 64 83 59 5 70 18 45 0 90 42 91 37 48 17 10 58
63 98 66 5 51 90 25 7 72 75 14 25 0 99 53 35 93 94 45 85
4 41 85 43 80 75 45 64 18 37 96 82 33 0 24 19 77 98 39 75
71 23 50 69 39 49 83 15 60 86 62 43 47 16 0 26 35 96 58 58
61 26 61 42 9 13 29 80 34 13 22 18 90 84 78 0 1 80 85 59
72 85 83 83 81 75 24 29 35 77 89 51 62 65 39 67 0 29 8 66
33 69 97 33 86 79 43 45 56 65 64 42 18 46 83 9 87 0 59 20
49 75 84 81 90 55 15 43 79 39 98 38 74 62 83 42 36 29 0 22
50 51 86 97 63 88 62 10 9 42 79 90 60 15 2 65 32 73 78 0
0 24 85 55 40 9 46 51 54 48 63 56 65 64 15 40 79 65 16 57
24 0 61 32 18 18 24 44 31 28 43 32 42 43 16 45 58 41 13 38
85 61 0 31 52 77 48 68 36 52 32 30 23 32 73 87 48 24 73 50
55 32 31 0 30 47 28 42 20 35 14 11 10 15 42 58 51 19 45 39
40 18 52 30 0 35 6 58 17 10 44 23 38 45 34 63 40 29 24 19
9 18 77 47 35 0 41 43 48 45 54 49 57 55 6 35 75 58 16 54
46 24 48 28 6 41 0 60 12 7 43 20 36 44 40 67 34 24 30 14
51 44 68 42 58 43 60 0 58 67 36 52 46 35 37 24 91 61 54 74
54 31 36 20 17 48 12 58 0 17 34 9 25 35 46 70 32 12 40 19
48 28 52 35 10 45 7 67 17 0 49 26 42 50 44 73 31 28 32 9
63 43 32 14 44 54 43 36 34 49 0 25 12 1 49 56 63 30 56 53
56 32 30 11 23 49 20 52 9 26 25 0 16 26 45 66 39 10 44 28
65 42 23 10 38 57 36 46 25 42 12 16 0 13 52 65 52 19 55 44
64 43 32 15 45 55 44 35 35 50 1 26 13 0 49 56 64 31 57 54
15 16 73 42 34 6 40 37 46 44 49 45 52 49 0 32 74 55 18 53
40 45 87 58 63 35 67 24 70 73 56 66 65 56 32 0 101 75 50 82
79 58 48 51 40 75 34 91 32 31 63 39 52 64 74 101 0 33 63 22
65 41 24 19 29 58 24 61 12 28 30 10 19 31 55 75 33 0 52 27
16 13 73 45 24 16 30 54 40 32 56 44 55 57 18 50 63 52 0 41
57 38 50 39 19 54 14 74 19 9 53 28 44 54 53 82 22 27 41 0
Cost:  832
Route:  0  14  3  16  5  2  8  19  11  6  4  7  18  17  10  13  1  15  9  12  