40
0 2350 0
1748 1759 3
2113 2119 2
2258 2270 4
383 390 9
209 217 7
1641 1646 8
1472 1487 6
487 496 6
529 539 1
107 125 5
1498 1516 7
950 958 9
1360 1376 4
1100 1109 7
1021 1031 10
1437 1446 2
2011 2016 6
1728 1737 6
1339 1357 10
905 911 9
1808 1816 5
2019 2036 8
338 352 3
647 656 8
1572 1583 5
551 561 10
1237 1251 6
1128 1138 2
836 850 8
1423 1431 3
422 429 1
1413 1427 4
2208 2224 5
65 77 6
300 306 4
1838 1849 7
1258 1272 5
731 741 5
1904 1920 7
0 93 6 17 78 50 2 27 14 94 41 93 79 16 13 94 32 99 60 95 11 55 68 80 57 44 90 23 5 79 30 71 99 67 65 56 56 25 79 97
55 0 9 62 30 50 80 10 27 5 63 99 15 91 28 73 93 29 68 98 76 52 14 56 26 32 70 76 54 23 25 17 28 44 38 37 35 4 57 35
16 91 0 18 34 9 3 38 71 96 99 13 17 12 22 82 33 61 31 94 90 19 19 50 5 99 87 20 96 27 78 65 59 97 66 4 10 53 45 63
83 58 53 0 18 72 11 34 10 30 2 87 19 23 48 12 4 75 82 82 31 84 45 20 36 83 33 11 68 40 52 9 25 99 2 20 22 94 16 78
34 82 79 28 0 87 60 46 31 18 87 80 89 64 45 2 95 69 14 30 92 8 70 25 26 74 98 79 9 78 27 31 21 16 44 87 48 99 81 20
33 30 10 70 40 0 17 74 10 9 37 66 6 5 86 22 9 71 45 8 47 79 49 47 48 31 50 7 75 10 81 2 14 99 81 79 74 34 59 35
10 53 30 31 76 32 0 27 46 47 48 27 29 86 15 89 79 72 83 50 15 25 33 68 59 68 2 87 68 72 81 6 63 38 7 33 51 79 88 64
69 52 94 42 42 62 59 0 19 93 80 20 67 59 41 6 61 49 31 65 1 2 41 29 7 10 47 26 5 67 1 42 79 16 42 4 37 96 35 18
14 69 1 47 3 24 28 67 0 31 82 39 40 48 18 12 71 10 76 61 71 58 93 23 90 13 16 38 52 19 55 15 63 48 77 50 11 26 76 64
89 53 16 22 20 68 70 96 22 0 17 11 59 22 32 21 13 44 33 83 73 74 79 20 70 94 19 26 82 83 55 65 30 76 69 22 87 42 5 65
46 8 63 49 70 90 47 49 95 28 0 14 78 59 63 9 95 80 82 31 67 46 21 4 16 1 68 72 10 31 62 46 37 26 47 61 83 60 13 94
66 76 9 41 11 59 87 43 48 78 30 0 67 13 41 76 38 10 24 55 98 54 10 52 90 69 40 3 32 83 21 41 48 6 88 30 5 87 27 19
25 24 47 52 68 54 3 60 96 94 54 93 0 32 59 62 58 63 37 24 80 45 48 11 58 54 90 69 95 4 34 29 44 36 7 2 24 19 17 8
49 68 97 3 61 40 63 22 11 5 38 15 36 0 12 70 64 16 68 86 8 29 8 76 8 73 21 35 75 31 78 87 40 61 44 2 2 68 85 54
12 33 80 84 25 90 52 7 4 78 88 83 24 2 0 57 36 70 24 60 22 22 26 73 91 82 37 93 21 54 56 37 75 75 35 18 47 62 63 15
11 97 98 71 86 1 80 91 74 18 91 46 31 83 69 0 68 1 50 69 71 1 53 46 5 59 61 66 74 46 98 89 32 42 78 34 94 15 7 72
7 93 57 11 20 96 45 33 11 17 56 16 54 4 97 25 0 13 59 51 38 29 76 85 39 35 60 93 80 81 4 80 48 81 50 23 60 67 34 32
20 24 68 64 3 35 32 73 2 66 72 24 77 83 26 90 18 0 14 62 67 8 4 61 84 74 42 75 21 21 35 16 31 41 66 9 88 95 43 78
21 8 59 14 63 9 27 27 37 37 68 89 78 88 34 52 50 38 0 82 42 10 74 55 1 90 28 13 92 67 27 92 16 5 4 46 83 14 27 19
70 72 37 64 8 43 66 68 29 70 61 69 62 13 65 7 64 2 87 0 52 29 74 89 48 16 38 77 37 72 55 16 96 35 72 59 74 83 24 61
30 64 47 27 79 22 22 6 32 52 2 11 39 97 25 54 30 53 38 62 0 29 36 87 82 13 30 52 12 61 25 79 24 65 25 47 81 72 5 60
41 83 56 15 41 76 60 51 47 98 93 25 69 56 57 88 59 78 70 5 12 0 65 21 30 70 72 32 49 74 38 84 87 46 90 75 27 42 77 38
79 48 82 54 16 40 90 84 31 2 6 21 73 83 30 33 47 87 34 17 87 24 0 19 43 63 22 34 7 91 99 13 58 97 22 78 17 13 3 23
76 37 36 39 41 10 43 19 6 97 84 82 68 30 31 17 79 57 51 18 87 86 47 0 4 72 25 67 52 13 42 91 12 38 34 41 6 75 48 88
96 22 98 38 98 30 37 88 22 19 19 54 34 23 4 7 9 4 3 11 75 95 2 30 0 72 55 68 4 27 54 17 51 3 69 22 47 87 75 77
53 12 2 68 92 16 57 6 80 59 67 70 68 45 81 12 33 74 31 89 57 3 52 40 44 0 26 28 57 58 75 56 9 63 58 98 55 99 85 31
72 86 66 23 30 35 92 64 75 18 37 66 72 74 88 5 22 15 69 65 40 7 88 98 89 22 0 44 51 22 76 2 54 50 39 15 1 27 8 94
35 79 74 20 45 6 48 88 95 72 96 64 91 79 31 87 63 74 5 67 21 63 67 71 53 77 8 0 98 5 72 5 17 39 37 12 69 20 26 26
4 90 67 40 93 64 99 42 56 23 13 59 8 43 7 52 72 30 73 28 28 84 65 42 83 54 26 99 0 47 62 79 1 58 33 53 50 45 2 54
2 67 59 30 82 30 38 56 8 4 18 30 72 47 46 22 5 98 87 49 61 53 32 8 32 74 19 67 7 0 96 6 77 63 23 29 54 32 56 91
12 55 41 58 14 4 47 8 48 79 77 51 26 29 62 9 13 10 64 23 60 26 15 56 10 11 43 20 33 93 0 21 20 79 69 93 89 66 59 52
39 3 7 5 14 67 36 88 62 80 96 80 95 68 40 42 46 11 85 60 70 30 33 29 28 76 18 10 80 90 87 0 94 92 34 61 96 17 1 69
95 66 41 56 89 3 17 21 24 45 37 69 94 49 85 84 97 86 85 92 3 43 95 68 11 63 12 20 24 30 1 59 0 78 20 42 16 62 59 36
14 52 66 37 88 7 17 94 30 93 18 32 45 14 29 99 6 65 28 43 3 77 94 35 90 46 81 68 31 19 23 19 15 0 48 42 51 80 37 99
30 29 98 22 87 14 4 55 82 58 40 52 93 1 3 12 30 20 90 11 26 89 55 93 82 63 85 33 78 27 6 69 49 20 0 98 72 55 75 42
3 83 81 98 84 6 32 44 38 32 53 63 85 82 67 34 93 50 21 59 43 73 58 36 99 43 21 60 1 4 67 94 42 25 30 0 2 99 48 48
84 76 94 47 84 84 24 93 48 42 70 66 62 87 30 57 60 31 89 26 62 24 3 34 8 42 26 63 8 60 33 35 80 92 75 83 0 14 96 60
98 11 56 54 64 13 43 9 84 55 7 13 29 42 30 46 67 33 13 74 26 53 23 58 24 15 46 89 7 16 23 74 92 68 71 71 69 0 61 35
58 72 26 16 25 45 62 47 54 96 30 75 11 44 22 66 24 37 75 84 7 70 32 71 62 91 68 93 9 95 26 15 58 38 49 11 12 56 0 94
3 2 84 83 52 68 39 82 55 92 63 22 67 2 74 98 92 96 68 2 95 12 15 85 7 84 5 11 52 21 95 95 10 28 15 2 39 10 90 0
0 67 58 39 83 38 30 70 68 32 50 53 37 41 51 105 62 58 76 54 57 79 29 34 67 33 47 59 47 36 76 84 74 34 64 24 73 41 64 63
67 0 29 37 17 30 61 16 37 49 44 15 30 36 17 42 28 43 36 23 18 51 51 35 19 54 26 25 30 33 26 18 22 39 4 43 6 51 18 46
58 29 0 47 35 35 66 44 62 30 60 21 34 17 32 69 4 14 18 42 38 76 33 26 46 61 13 4 45 25 18 43 50 24 29 41 32 63 44 17
39 37 47 0 54 13 24 34 29 41 15 29 14 37 20 69 50 56 64 17 21 41 42 27 30 17 35 45 8 27 57 51 36 34 33 18 42 16 26 62
83 17 35 54 0 47 78 27 50 61 60 30 47 47 34 35 32 48 33 39 34 62 64 50 32 71 38 31 47 48 22 12 31 52 21 60 12 68 33 49
38 30 35 13 47 0 33 32 36 31 27 18 2 25 13 67 38 43 51 17 19 50 32 15 30 27 22 33 13 15 46 46 36 23 26 14 35 28 26 49
30 61 66 24 78 33 0 57 46 50 26 51 34 52 44 91 70 72 84 41 45 54 49 41 53 8 53 65 32 42 79 75 59 47 57 26 66 15 50 78
70 16 44 34 27 32 57 0 23 58 35 25 33 47 20 35 44 57 52 17 13 36 60 43 5 50 38 40 25 41 42 19 6 49 14 46 16 45 7 61
68 37 62 29 50 36 46 23 0 67 20 41 38 59 31 48 63 74 73 21 23 15 68 51 19 39 52 58 23 50 64 41 20 58 35 47 39 31 19 79
32 49 30 41 61 31 50 58 67 0 56 34 29 13 39 91 34 26 46 47 47 81 3 16 58 48 23 31 44 17 48 66 64 9 47 26 54 53 54 31
50 44 60 15 60 27 26 35 20 56 0 40 29 52 30 66 62 70 75 21 26 29 57 42 30 19 48 57 16 42 68 54 35 49 40 32 48 11 28 75
53 15 21 29 30 18 51 25 41 34 40 0 18 22 11 57 23 34 35 21 17 56 36 21 26 45 13 18 24 18 28 33 31 25 13 30 21 44 23 38
37 30 34 14 47 2 34 33 38 29 29 18 0 23 14 69 37 42 51 19 20 52 30 13 31 28 21 32 15 13 46 47 38 21 27 13 36 29 28 47
41 36 17 37 47 25 52 47 59 13 52 22 23 0 29 78 21 19 35 38 37 74 16 11 47 48 9 18 38 11 35 53 53 7 34 26 41 52 44 25
51 17 32 20 34 13 44 20 31 39 30 11 14 29 0 54 33 43 46 10 8 46 41 23 19 37 22 28 14 22 38 33 25 30 13 27 23 35 15 48
105 42 69 69 35 67 91 35 48 91 66 57 69 78 54 0 67 82 68 52 49 52 93 77 39 84 68 65 60 75 57 25 33 81 44 81 37 77 42 84
62 28 4 50 32 38 70 44 63 34 62 23 37 21 33 67 0 16 14 43 40 77 37 30 46 64 16 5 47 28 14 42 50 28 29 45 31 66 44 18
58 43 14 56 48 43 72 57 74 26 70 34 42 19 43 82 16 0 22 54 51 89 29 31 59 68 22 18 55 30 29 57 64 25 43 46 46 71 57 6
76 36 18 64 33 51 84 52 73 46 75 35 51 35 46 68 14 22 0 55 51 87 49 44 55 79 31 19 60 43 11 45 58 42 39 59 37 79 54 21
54 23 42 17 39 17 41 17 21 47 21 21 19 38 10 52 43 54 55 0 5 35 49 31 13 33 32 39 9 30 47 35 20 38 19 30 27 29 10 59
57 18 38 21 34 19 45 13 23 47 26 17 20 37 8 49 40 51 51 5 0 38 49 31 11 38 30 35 13 30 42 30 17 37 14 33 22 34 8 56
79 51 76 41 62 50 54 36 15 81 29 56 52 74 46 52 77 89 87 35 38 0 82 65 32 47 67 73 37 65 77 52 31 73 49 59 52 39 33 94
29 51 33 42 64 32 49 60 68 3 57 36 30 16 41 93 37 29 49 49 49 82 0 17 59 47 25 34 45 19 51 69 65 12 49 25 56 53 56 34
34 35 26 27 50 15 41 43 51 16 42 21 13 11 23 77 30 31 44 31 31 65 17 0 42 37 14 26 28 2 42 53 48 7 33 15 41 40 39 37
67 19 46 30 32 30 53 5 19 58 30 26 31 47 19 39 46 59 55 13 11 32 59 42 0 45 39 42 22 41 45 24 6 48 17 43 21 40 4 63
33 54 61 17 71 27 8 50 39 48 19 45 28 48 37 84 64 68 79 33 38 47 47 37 45 0 48 60 25 38 73 68 51 43 50 23 59 9 42 74
47 26 13 35 38 22 53 38 52 23 48 13 21 9 22 68 16 22 31 32 30 67 25 14 39 48 0 12 33 12 28 44 44 14 25 28 31 50 36 27
59 25 4 45 31 33 65 40 58 31 57 18 32 18 28 65 5 18 19 39 35 73 34 26 42 60 12 0 42 24 17 40 46 25 25 40 28 61 40 21
47 30 45 8 47 13 32 25 23 44 16 24 15 38 14 60 47 55 60 9 13 37 45 28 22 25 33 42 0 28 52 43 28 36 26 24 35 21 18 60
36 33 25 27 48 15 42 41 50 17 42 18 13 11 22 75 28 30 43 30 30 65 19 2 41 38 12 24 28 0 40 51 46 8 31 17 39 41 37 36
76 26 18 57 22 46 79 42 64 48 68 28 46 35 38 57 14 29 11 47 42 77 51 42 45 73 28 17 52 40 0 33 47 42 29 56 26 73 45 29
84 18 43 51 12 46 75 19 41 66 54 33 47 53 33 25 42 57 45 35 30 52 69 53 24 68 44 40 43 51 33 0 21 57 21 60 12 63 26 59
74 22 50 36 31 36 59 6 20 64 35 31 38 53 25 33 50 64 58 20 17 31 65 48 6 51 44 46 28 46 47 21 0 54 20 50 21 45 10 67
34 39 24 34 52 23 47 49 58 9 49 25 21 7 30 81 28 25 42 38 37 73 12 7 48 43 14 25 36 8 42 57 54 0 37 21 45 47 45 31
64 4 29 33 21 26 57 14 35 47 40 13 27 34 13 44 29 43 39 19 14 49 49 33 17 50 25 25 26 31 29 21 20 37 0 40 9 47 16 47
24 43 41 18 60 14 26 46 47 26 32 30 13 26 27 81 45 46 59 30 33 59 25 15 43 23 28 40 24 17 56 60 50 21 40 0 49 28 40 52
73 6 32 42 12 35 66 16 39 54 48 21 36 41 23 37 31 46 37 27 22 52 56 41 21 59 31 28 35 39 26 12 21 45 9 49 0 56 21 49
41 51 63 16 68 28 15 45 31 53 11 44 29 52 35 77 66 71 79 29 34 39 53 40 40 9 50 61 21 41 73 63 45 47 47 28 56 0 37 76
64 18 44 26 33 26 50 7 19 54 28 23 28 44 15 42 44 57 54 10 8 33 56 39 4 42 36 40 18 37 45 26 10 45 16 40 21 37 0 61
63 46 17 62 49 49 78 61 79 31 75 38 47 25 48 84 18 6 21 59 56 94 34 37 63 74 27 21 60 36 29 59 67 31 47 52 49 76 61 0
Cost:  1463
Route:  0  34  10  5  35  23  4  31  8  9  26  24  38  29  20  12  15  14  28  27  37  19  13  32  30  16  7  11  25  6  18  1  21  36  39  17  22  2  33  3  