60
0 3476 0
3341 3359 8
75 91 9
1937 1947 10
2381 2389 9
930 943 7
1857 1867 3
452 470 7
3372 3384 2
2065 2079 4
1458 1463 6
3064 3076 6
532 544 8
2573 2588 7
1003 1016 5
919 929 10
2200 2207 10
2594 2599 5
2185 2200 4
1390 1397 3
2323 2331 2
1574 1584 6
2699 2711 1
1790 1797 4
671 679 7
2955 2962 3
1318 1331 5
667 672 2
1679 1692 2
3461 3468 6
1616 1629 7
2791 2802 9
2148 2159 2
841 850 10
2008 2020 7
2739 2749 5
340 347 9
2222 2233 2
2868 2874 5
3277 3289 8
747 759 7
801 811 4
599 614 10
2641 2659 6
1188 1199 2
3303 3314 10
3010 3020 3
232 242 1
1218 1232 7
1724 1739 10
145 160 7
386 400 7
3092 3102 2
1690 1702 4
2350 2355 1
1077 1098 8
1534 1542 10
2636 2649 1
2481 2492 9
3182 3192 3
0 34 72 33 81 11 30 38 91 60 43 12 84 82 18 85 2 80 77 79 84 50 5 81 33 18 94 85 26 58 58 39 81 5 60 89 51 41 59 55 70 87 13 88 3 22 37 52 17 48 23 69 55 28 35 72 68 4 64 56
76 0 55 11 94 77 31 97 26 21 51 39 91 32 31 16 51 51 9 43 72 83 5 43 1 64 38 66 34 95 79 43 49 63 1 17 74 67 90 79 93 79 7 90 42 18 18 88 2 84 6 93 22 63 66 61 23 36 83 50
8 99 0 52 29 87 16 33 53 39 36 85 4 55 61 43 19 88 46 38 50 4 42 80 85 35 17 51 65 31 91 12 73 14 50 73 21 35 49 85 11 99 97 17 33 37 15 46 15 55 65 26 19 23 7 81 3 51 64 65
98 30 67 0 10 43 21 87 36 40 20 80 3 7 47 54 43 19 4 65 17 30 86 89 68 69 79 90 95 34 9 1 92 35 62 92 24 96 40 44 33 79 38 47 79 3 66 65 28 1 13 42 92 25 40 96 30 14 48 26
84 41 21 84 0 21 66 73 63 13 41 56 21 93 4 87 84 76 43 98 61 48 80 35 69 72 13 58 98 44 68 18 77 26 42 9 86 99 36 93 44 41 95 30 36 58 40 7 45 82 65 63 92 63 82 86 14 65 88 14
89 21 89 53 44 0 70 17 40 76 36 67 5 65 61 28 94 98 85 69 15 8 30 29 61 51 90 21 7 88 44 31 1 66 15 67 49 53 62 88 23 43 26 40 44 1 94 76 1 14 82 54 24 93 56 3 60 87 82 24
97 83 29 81 96 82 0 56 47 7 23 47 58 3 35 3 71 53 89 50 53 40 3 68 70 86 40 84 26 55 56 24 25 57 24 82 6 17 1 81 57 43 92 69 59 99 44 51 69 29 74 60 47 4 42 87 73 97 32 20
74 60 26 52 90 52 29 0 12 87 26 79 72 94 39 77 88 88 14 59 18 69 34 27 21 37 34 83 33 37 25 83 62 18 26 78 65 93 57 35 80 24 73 92 73 18 83 13 26 66 86 76 28 91 73 92 75 5 53 60
22 27 20 75 96 51 8 97 0 40 41 2 87 81 88 98 86 3 90 77 32 7 50 49 47 9 7 99 41 84 23 82 13 9 6 60 26 51 55 28 68 29 5 50 70 14 24 88 79 48 66 22 75 18 55 86 80 58 12 10
44 15 70 58 29 96 94 73 98 0 72 29 81 42 78 45 67 71 32 88 43 34 19 50 65 63 93 68 63 20 41 4 73 42 41 58 19 85 31 95 79 12 2 62 2 48 10 5 72 7 8 89 90 70 46 54 10 21 81 40
67 83 88 91 54 59 42 51 94 82 0 34 68 16 67 52 25 93 51 11 89 45 10 45 43 4 24 9 48 88 17 64 57 29 5 12 77 37 71 99 77 61 24 66 45 78 16 80 61 50 72 58 80 63 85 35 66 90 5 74
64 38 43 67 41 46 73 82 17 89 30 0 86 81 18 18 57 41 55 91 84 67 86 89 29 63 33 86 11 70 87 49 43 90 66 89 23 94 24 90 50 77 38 41 62 63 91 67 15 8 51 46 12 39 89 3 46 41 6 78
17 46 94 54 76 71 90 24 29 56 47 4 0 67 6 87 17 26 95 87 97 80 7 30 63 26 54 99 18 32 77 20 43 90 34 7 3 47 65 57 37 45 51 96 26 58 99 56 81 52 70 47 29 64 21 43 76 52 34 81
17 42 35 27 32 69 83 11 13 24 96 1 39 0 64 93 63 10 21 9 23 49 5 70 3 92 13 82 14 50 78 26 95 71 67 58 28 97 38 5 72 58 12 4 80 95 15 88 17 20 8 84 73 59 78 92 80 9 48 37
45 42 34 13 45 2 76 93 92 2 37 14 66 84 0 37 25 57 5 36 27 64 26 44 51 63 24 97 98 30 83 54 90 97 34 80 67 8 41 31 59 59 27 34 61 34 74 93 47 41 72 28 50 65 76 74 13 76 40 85
82 60 15 72 38 6 63 87 29 94 96 88 56 60 80 0 78 6 45 31 96 54 90 70 35 48 18 51 74 44 51 77 93 75 7 95 23 1 91 44 64 27 95 19 11 97 91 40 95 35 6 24 26 63 36 65 60 81 68 53
15 61 17 53 84 28 43 88 25 53 44 87 76 82 77 75 0 94 13 91 79 97 54 1 77 84 34 60 82 64 27 30 78 2 9 83 26 13 17 23 90 95 35 91 91 21 98 49 44 36 40 42 37 86 95 10 55 49 40 14
2 62 92 35 34 69 58 89 92 63 11 87 34 57 83 85 84 0 92 54 16 59 55 62 42 9 32 14 9 12 33 66 92 6 38 61 26 31 71 36 51 52 69 75 12 95 38 29 31 89 23 68 85 94 93 65 36 42 25 27
58 20 30 30 3 93 11 99 11 97 92 68 13 33 57 14 5 81 0 42 98 21 29 69 96 83 63 62 4 37 81 68 50 96 59 48 95 75 97 17 26 44 41 14 44 35 54 62 84 30 44 13 99 34 72 5 38 30 57 2
79 72 81 38 43 84 20 47 21 95 65 66 5 45 50 53 37 33 76 0 24 40 54 79 37 31 77 74 74 72 15 36 67 28 7 30 11 38 13 50 17 38 79 65 50 78 45 60 83 12 50 84 65 30 99 71 68 79 65 5
57 58 58 96 41 14 94 43 93 41 56 91 68 34 85 57 81 35 61 62 0 34 22 1 74 37 98 58 20 97 77 24 31 38 36 24 89 69 95 54 42 7 95 97 99 17 87 75 22 65 45 51 60 38 21 15 32 73 41 2
52 39 59 16 71 65 79 2 26 95 82 11 36 81 17 6 15 17 25 95 27 0 66 92 55 88 26 10 74 50 34 77 63 16 38 54 58 30 10 15 38 62 71 9 92 49 27 42 42 26 23 81 63 9 5 27 68 53 11 38
45 14 67 39 45 53 51 89 86 26 43 15 52 95 44 78 1 75 64 33 25 59 0 1 32 24 46 42 33 9 16 26 84 82 27 41 17 88 53 10 61 78 89 27 18 47 71 73 16 80 4 7 26 64 40 5 16 92 26 74
48 70 78 12 39 94 58 77 65 53 41 38 61 99 77 56 82 77 83 53 40 60 41 0 3 21 69 98 3 52 96 38 67 18 23 81 94 37 18 80 30 31 31 45 19 25 59 26 12 95 37 83 22 7 20 10 57 55 82 20
99 14 91 94 67 22 85 91 37 36 34 11 51 54 3 65 83 38 18 77 62 19 12 81 0 79 31 32 91 16 76 29 90 20 22 84 63 22 69 31 65 6 35 86 66 1 56 22 93 55 6 67 25 47 13 27 70 40 13 44
29 24 11 7 40 87 66 30 9 4 65 37 69 63 58 98 1 67 37 46 46 52 19 91 31 0 23 10 89 31 84 88 99 59 95 39 88 32 84 96 99 53 45 86 5 30 52 14 24 32 6 73 22 69 85 98 3 14 24 62
29 91 60 34 74 24 88 53 62 11 8 98 99 80 93 10 93 14 32 59 97 31 97 14 67 43 0 50 12 66 70 71 45 66 43 6 31 90 33 67 66 15 57 47 15 27 30 20 47 72 81 36 23 57 80 17 45 18 4 86
25 99 6 27 52 79 61 35 75 99 60 47 30 71 34 50 62 70 62 17 1 52 20 16 2 52 62 0 67 11 80 97 47 68 60 5 33 67 86 67 69 23 61 73 84 48 69 76 8 8 62 68 76 1 18 39 21 32 63 71
1 67 24 85 63 38 91 11 15 33 73 68 38 65 12 10 1 41 89 61 18 93 68 18 73 48 75 41 0 78 35 35 67 59 36 70 65 66 47 5 3 89 32 58 96 34 83 48 11 46 90 86 83 6 22 21 57 15 93 20
4 71 76 89 59 61 70 55 91 46 4 44 32 79 76 54 84 94 27 47 79 57 67 69 82 66 34 92 64 0 44 46 79 29 35 70 15 94 92 59 4 62 17 5 44 21 29 57 65 72 34 27 67 76 30 54 11 45 9 86
67 21 98 23 65 42 90 67 36 7 62 57 41 37 19 27 92 89 91 86 74 96 84 35 64 29 15 25 55 81 0 26 50 40 65 70 95 41 8 96 1 78 26 92 80 59 63 65 53 58 62 41 98 49 29 35 16 62 10 68
49 97 11 6 75 72 42 20 27 57 79 25 48 42 1 40 30 1 16 47 3 37 12 91 17 53 20 48 38 42 58 0 70 81 56 39 37 24 66 93 65 78 89 29 31 71 39 18 4 63 60 49 25 48 6 85 34 78 19 6
25 47 7 52 68 7 53 93 57 95 32 86 43 82 83 33 35 10 36 41 92 36 25 84 41 5 30 82 80 14 37 87 0 49 34 72 14 26 73 32 61 2 23 85 5 16 69 34 37 17 92 73 52 34 21 71 12 58 5 16
40 54 75 66 11 17 37 50 68 47 12 14 43 28 53 68 38 69 37 72 76 64 29 21 39 25 8 22 36 34 90 87 9 0 8 54 47 78 64 88 60 14 59 43 72 29 61 68 62 33 96 83 48 79 9 60 63 26 60 18
37 73 48 11 33 78 23 78 42 47 53 1 73 86 91 90 18 80 8 70 28 30 76 10 43 12 9 18 50 36 20 43 2 22 0 50 17 47 29 75 59 19 69 17 41 38 29 38 79 7 5 64 70 47 15 78 6 17 53 32
66 62 45 72 86 4 71 67 47 2 48 74 82 42 42 78 87 73 6 8 88 51 98 89 34 16 16 88 50 47 48 46 35 52 58 0 27 13 24 46 74 22 74 89 58 84 2 76 24 8 95 98 46 58 52 22 4 55 93 38
27 2 46 23 38 40 75 38 22 56 11 99 96 32 73 72 23 64 10 88 77 53 76 90 27 25 98 89 29 34 27 44 27 17 83 48 0 87 72 45 58 11 41 66 30 29 72 75 63 73 38 33 7 74 36 65 20 83 65 9
5 93 34 14 44 11 38 7 73 43 50 61 99 40 30 31 56 14 7 89 94 83 60 57 22 61 51 9 84 22 81 28 81 72 9 19 55 0 25 26 10 33 78 80 54 85 91 96 47 76 46 54 50 77 96 61 84 27 87 55
23 90 15 68 96 93 83 42 30 98 48 39 86 10 49 57 46 38 8 59 41 84 31 85 87 76 40 16 74 73 56 8 63 16 14 59 95 57 0 5 45 80 75 98 18 55 42 62 42 53 15 58 4 99 14 19 57 41 7 11
51 59 8 65 26 37 48 33 34 89 26 81 52 61 95 5 41 96 44 1 89 98 26 83 57 49 48 26 45 34 82 52 13 89 87 30 95 28 58 0 62 46 60 99 31 18 37 13 98 14 82 24 63 8 47 89 99 13 88 79
86 11 98 95 2 33 53 61 4 8 69 2 27 50 69 5 54 38 96 27 9 44 4 21 9 41 88 69 59 40 6 24 11 17 85 24 27 50 1 45 0 46 92 42 25 88 67 35 48 99 94 72 40 97 90 71 80 66 90 85
65 35 91 51 71 18 6 47 6 15 15 39 43 84 54 87 19 81 82 63 64 46 66 37 79 90 61 65 63 72 51 7 80 36 54 64 56 84 85 24 70 0 3 68 66 32 9 64 79 86 1 77 94 74 37 8 34 15 76 41
25 2 87 38 69 7 36 95 66 39 65 15 38 92 25 89 72 18 76 9 92 29 7 65 63 64 34 56 23 57 21 91 32 78 98 52 45 30 69 82 85 60 0 70 30 26 65 12 28 56 47 18 31 31 83 50 43 19 25 80
69 64 79 60 26 18 9 16 5 87 18 2 81 8 46 74 20 79 49 46 42 3 51 36 42 57 90 1 20 3 98 75 63 17 30 51 29 98 67 57 82 47 30 0 86 43 76 1 14 14 25 52 82 52 84 38 68 65 30 65
40 49 82 73 92 15 41 96 41 14 84 96 62 77 34 45 12 61 19 30 78 58 49 36 81 54 56 63 7 8 17 75 51 33 89 63 61 68 37 96 47 3 94 73 0 10 19 24 33 15 85 63 28 73 69 66 56 49 50 36
57 23 50 48 50 64 73 59 64 32 90 44 94 67 95 35 91 65 47 74 95 82 18 77 62 6 88 40 48 78 43 70 83 13 22 93 39 70 33 44 17 33 31 89 35 0 12 44 2 10 52 42 99 61 34 6 76 15 15 83
64 96 57 94 6 50 59 22 62 12 78 56 66 94 39 51 85 71 45 35 99 33 96 45 51 18 24 54 36 59 41 85 4 39 66 77 25 53 17 11 66 89 29 41 36 60 0 31 84 77 15 8 32 84 39 26 90 84 23 27
65 61 40 39 66 14 63 12 9 45 92 36 31 37 53 41 92 54 69 2 23 87 99 45 25 39 31 49 76 55 4 77 87 6 90 65 98 82 27 23 96 78 41 80 31 56 47 0 27 71 47 40 78 13 46 59 59 40 39 68
76 47 66 44 37 10 52 39 27 42 62 25 73 90 65 49 90 52 46 24 40 79 49 99 96 91 92 49 48 22 60 28 69 53 42 12 70 71 64 27 52 76 85 52 3 1 89 51 0 78 21 84 18 10 9 50 44 99 28 38
28 96 18 75 31 25 70 79 24 70 6 95 43 35 76 58 74 93 54 43 57 30 86 57 28 96 4 97 12 28 89 42 34 95 44 61 6 71 95 40 18 95 68 72 5 66 93 17 77 0 43 27 44 1 4 99 71 54 52 63
94 34 58 2 81 25 56 66 50 13 77 84 77 30 87 66 19 13 50 15 21 90 31 26 30 78 95 6 9 84 62 15 21 15 20 93 16 38 35 5 24 49 55 28 25 45 16 81 32 87 0 26 57 30 35 91 48 28 44 32
67 46 67 56 45 84 80 64 72 68 43 23 62 3 7 98 55 56 29 40 41 7 78 70 56 77 47 75 36 22 88 19 87 81 43 67 31 54 7 98 70 4 78 36 87 29 27 54 42 68 17 0 58 12 83 63 9 64 46 24
4 81 66 69 22 75 4 70 68 66 59 27 55 28 18 52 48 62 3 54 9 35 83 53 42 32 97 85 50 64 71 75 5 96 76 66 58 32 44 82 13 53 29 77 96 34 74 67 35 65 80 31 0 87 66 87 53 47 9 89
26 96 50 77 26 86 19 88 52 2 73 99 55 23 12 6 71 13 4 67 82 98 39 64 70 17 64 80 64 6 31 26 60 54 83 39 29 45 75 91 65 11 6 82 81 30 18 46 14 26 15 17 37 0 84 83 16 18 80 64
95 35 73 51 27 80 48 92 91 29 64 56 63 59 67 96 21 65 46 44 8 28 90 63 39 92 31 81 61 9 97 95 26 51 38 44 74 87 77 69 75 86 71 42 99 68 21 33 13 77 60 92 81 85 0 75 62 68 12 95
91 10 53 38 55 30 80 73 99 19 14 90 43 66 50 37 56 43 64 78 12 25 34 11 25 3 8 79 63 53 32 23 32 1 89 20 90 26 95 66 50 92 54 68 97 49 56 6 63 37 49 60 87 43 67 0 7 68 75 83
94 4 23 60 83 89 90 31 56 24 3 98 9 16 28 95 89 97 17 53 98 34 88 25 39 27 21 3 31 69 16 92 46 62 80 9 45 63 4 23 14 36 5 18 31 3 58 74 87 10 13 25 6 38 49 59 0 15 65 89
39 96 53 15 11 93 41 81 68 93 55 85 59 91 41 6 97 22 11 67 69 22 27 10 40 16 46 94 64 71 46 84 70 94 28 16 35 51 96 44 45 8 29 2 62 48 98 3 11 80 64 74 2 7 19 24 88 0 18 23
42 16 33 73 36 19 25 54 12 84 31 73 25 80 53 25 80 12 78 57 24 90 17 25 10 42 78 41 93 53 53 39 68 54 87 49 25 88 2 70 22 7 65 79 4 25 36 14 18 27 83 2 68 5 33 28 45 33 0 50
99 8 79 27 26 59 82 21 18 54 22 65 12 13 28 71 52 8 48 6 24 2 14 70 84 27 23 15 27 17 60 2 10 30 72 4 90 54 21 90 36 43 92 16 96 59 23 9 74 59 55 2 90 87 20 67 19 94 49 0
0 75 37 39 45 41 41 47 36 72 35 68 22 28 18 63 67 73 64 37 9 29 36 34 58 40 62 47 34 51 31 76 45 57 36 62 28 40 38 24 40 20 29 95 45 47 67 29 43 32 54 26 18 49 53 63 34 35 46 26
75 0 50 74 35 60 44 34 43 4 40 40 59 51 57 70 50 11 33 39 77 66 52 56 27 76 15 34 41 63 49 50 39 38 43 18 53 52 40 57 39 64 46 52 41 56 38 52 36 75 62 70 73 27 23 12 43 42 35 54
37 50 0 62 36 55 41 39 34 48 24 64 37 11 22 76 69 53 56 29 35 50 2 6 46 64 43 40 26 64 35 75 41 54 34 32 37 5 33 37 35 41 24 88 43 57 62 36 14 58 65 21 48 34 35 40 14 15 40 35
39 74 62 0 41 15 31 41 34 70 43 47 25 51 41 27 41 67 48 40 48 12 62 62 48 2 60 40 40 19 29 50 36 40 34 71 26 67 37 25 37 22 39 70 34 21 47 27 58 7 22 61 20 49 53 63 50 51 40 28
45 35 36 41 0 28 10 3 9 31 14 27 25 30 29 43 32 29 21 8 50 32 38 41 13 43 20 4 12 33 15 39 6 17 9 31 19 41 6 23 5 30 17 54 9 25 26 18 25 41 33 50 39 8 13 23 22 22 3 20
41 60 55 15 28 0 18 28 23 56 34 33 21 45 37 22 29 52 34 30 50 14 56 57 34 16 46 27 30 10 20 38 22 25 23 58 18 60 26 20 25 22 31 58 20 7 33 19 49 18 12 59 26 36 40 50 42 42 26 21
41 44 41 31 10 18 0 10 7 40 18 27 19 33 28 35 29 37 23 13 47 23 43 45 19 33 29 10 15 24 10 37 5 17 7 41 13 46 9 17 7 23 18 54 4 16 26 12 32 31 24 51 32 18 23 32 27 27 9 15
47 34 39 41 3 28 10 0 11 30 16 25 27 33 32 42 30 27 18 11 52 33 41 43 10 43 19 1 15 32 17 36 6 15 11 31 21 44 9 25 7 32 20 51 8 25 23 20 27 42 32 52 41 9 13 22 25 25 1 22
36 43 34 34 9 23 7 11 0 39 11 33 16 26 22 42 36 38 28 7 42 24 36 37 22 36 29 11 8 30 6 44 9 23 0 37 10 39 4 14 4 21 11 60 10 23 32 9 26 33 31 44 31 16 21 31 20 20 10 11
72 4 48 70 31 56 40 30 39 0 37 36 55 49 54 66 46 8 29 35 75 62 51 55 23 72 11 30 38 59 45 47 35 34 39 19 50 51 36 53 35 60 43 50 37 52 34 49 34 71 57 68 70 23 19 9 40 39 31 50
35 40 24 43 14 34 18 16 11 37 0 41 21 16 17 53 45 38 35 5 38 32 25 27 26 45 27 17 3 41 14 52 18 31 11 30 18 28 9 20 11 26 6 67 20 34 39 16 15 41 42 36 35 15 18 28 9 9 17 16
68 40 64 47 27 33 27 25 33 36 41 0 46 57 55 32 10 29 8 36 74 45 65 68 18 48 29 24 39 30 37 12 24 11 33 48 39 68 33 43 30 49 44 27 23 26 2 39 51 51 27 77 57 30 31 34 50 49 24 42
22 59 37 25 25 21 19 27 16 55 21 46 0 26 16 43 45 54 42 20 30 13 37 37 37 27 45 27 18 31 10 54 24 35 16 50 6 42 19 2 20 5 16 73 23 26 45 7 35 21 33 38 15 32 36 47 26 26 26 5
28 51 11 51 30 45 33 33 26 49 16 57 26 0 11 66 61 52 51 22 27 39 11 12 42 53 41 34 18 54 25 69 34 47 26 36 27 16 25 26 27 30 15 84 35 48 56 26 16 47 55 20 37 30 32 40 9 10 33 24
18 57 22 41 29 37 28 32 22 54 17 55 16 11 0 59 57 56 50 21 21 28 22 22 42 43 45 32 17 46 19 65 31 45 22 44 19 27 23 17 25 19 12 82 32 40 54 18 25 36 48 23 25 32 36 45 16 17 32 16
63 70 76 27 43 22 35 42 42 66 53 32 43 66 59 0 23 59 37 48 72 34 77 78 44 27 57 41 50 12 41 29 37 32 42 73 40 81 44 42 42 43 52 48 35 19 33 41 68 34 11 81 46 51 54 61 62 62 41 43
67 50 69 41 32 29 29 30 36 46 45 10 45 61 57 23 0 39 17 40 75 42 70 73 26 42 38 29 43 23 38 9 27 15 36 57 40 73 36 43 34 48 47 29 26 22 12 40 57 47 20 80 54 37 39 43 54 54 29 42
73 11 53 67 29 52 37 27 38 8 38 29 54 52 56 59 39 0 22 35 76 60 55 59 18 68 11 27 38 54 44 39 32 28 38 25 48 56 35 52 34 59 44 42 34 47 27 47 39 68 52 72 68 23 20 13 43 42 28 49
64 33 56 48 21 34 23 18 28 29 35 8 42 51 50 37 17 22 0 30 70 44 58 61 10 49 21 18 33 33 33 20 19 8 28 40 36 61 27 40 25 47 38 33 19 27 6 35 43 51 31 71 55 23 24 26 43 42 18 38
37 39 29 40 8 30 13 11 7 35 5 36 20 22 21 48 40 35 30 0 42 30 30 33 21 43 25 12 4 37 11 47 13 26 7 31 16 34 4 19 6 26 9 62 14 29 34 14 19 39 37 41 35 12 16 26 15 14 11 15
9 77 35 48 50 50 47 52 42 75 38 74 30 27 21 72 75 76 70 42 0 38 33 30 63 49 66 53 38 60 37 84 51 64 42 63 35 37 43 32 45 28 33 102 51 56 73 35 43 41 62 19 28 53 57 66 35 36 52 33
29 66 50 12 32 14 23 33 24 62 32 45 13 39 28 34 42 60 44 30 38 0 50 50 42 15 52 33 29 23 18 51 28 36 24 60 14 54 27 13 27 10 27 71 26 21 45 16 47 9 25 49 12 40 44 55 38 39 32 16
36 52 2 62 38 56 43 41 36 51 25 65 37 11 22 77 70 55 58 30 33 50 0 4 48 65 45 42 28 65 36 77 43 56 36 34 38 4 34 38 36 41 25 90 45 58 64 37 16 58 66 19 48 36 37 42 16 16 41 35
34 56 6 62 41 57 45 43 37 55 27 68 37 12 22 78 73 59 61 33 30 50 4 0 51 65 48 44 30 66 37 80 45 58 37 39 39 7 36 38 39 41 26 94 47 60 66 38 20 58 67 15 47 39 40 46 18 19 44 36
58 27 46 48 13 34 19 10 22 23 26 18 37 42 42 44 26 18 10 21 63 42 48 51 0 50 13 10 25 36 27 30 14 12 22 31 31 51 19 35 18 42 30 42 15 29 16 30 33 50 35 62 51 13 13 18 33 33 11 32
40 76 64 2 43 16 33 43 36 72 45 48 27 53 43 27 42 68 49 43 49 15 65 65 50 0 62 42 42 19 32 51 37 41 36 73 28 69 40 27 39 24 42 71 36 22 48 29 61 9 22 63 22 51 55 65 52 53 42 30
62 15 43 60 20 46 29 19 29 11 27 29 45 41 45 57 38 11 21 25 66 52 45 48 13 62 0 19 28 49 35 41 24 25 29 19 39 46 25 43 25 50 33 48 26 42 27 38 28 60 48 61 59 13 9 5 32 31 20 39
47 34 40 40 4 27 10 1 11 30 17 24 27 34 32 41 29 27 18 12 53 33 42 44 10 42 19 0 16 31 17 35 5 14 11 32 21 45 9 25 8 32 21 50 7 24 22 20 28 41 31 53 41 10 14 23 26 25 1 22
34 41 26 40 12 30 15 15 8 38 3 39 18 18 17 50 43 38 33 4 38 29 28 30 25 42 28 16 0 38 11 50 16 29 8 32 15 31 7 17 9 24 5 66 17 31 38 13 18 38 39 38 33 15 19 29 12 12 15 14
51 63 64 19 33 10 24 32 30 59 41 30 31 54 46 12 23 54 33 37 60 23 65 66 36 19 49 31 38 0 29 31 27 25 30 64 27 69 33 29 31 31 40 52 25 8 30 28 56 25 3 69 35 41 45 53 50 50 31 31
31 49 35 29 15 20 10 17 6 45 14 37 10 25 19 41 38 44 33 11 37 18 36 37 27 32 35 17 11 29 0 47 14 27 6 42 4 40 9 8 10 15 11 64 14 22 36 3 29 28 30 42 25 22 27 37 22 22 16 5
76 50 75 50 39 38 37 36 44 47 52 12 54 69 65 29 9 39 20 47 84 51 77 80 30 51 41 35 50 31 47 0 35 21 44 60 48 80 44 52 41 57 55 20 34 30 14 48 63 55 28 87 63 42 44 46 61 61 36 51
45 39 41 36 6 22 5 6 9 35 18 24 24 34 31 37 27 32 19 13 51 28 43 45 14 37 24 5 16 27 14 35 0 13 9 37 17 46 9 21 7 28 20 51 2 19 23 16 31 36 27 53 37 14 18 28 27 27 4 19
57 38 54 40 17 25 17 15 23 34 31 11 35 47 45 32 15 28 8 26 64 36 56 58 12 41 25 14 29 25 27 21 13 0 23 42 29 59 22 33 20 39 33 38 13 19 9 29 42 43 23 66 47 22 24 30 40 39 14 31
36 43 34 34 9 23 7 11 0 39 11 33 16 26 22 42 36 38 28 7 42 24 36 37 22 36 29 11 8 30 6 44 9 23 0 37 10 39 4 14 4 21 11 60 10 23 32 9 26 33 31 44 31 16 21 31 20 20 10 11
62 18 32 71 31 58 41 31 37 19 30 48 50 36 44 73 57 25 40 31 63 60 34 39 31 73 19 32 32 64 42 60 37 42 37 0 46 34 33 49 34 56 35 67 39 56 46 45 20 70 63 53 65 22 19 14 28 27 33 45
28 53 37 26 19 18 13 21 10 50 18 39 6 27 19 40 40 48 36 16 35 14 38 39 31 28 39 21 15 27 4 48 17 29 10 46 0 42 14 4 14 11 14 67 17 22 38 1 33 23 29 42 20 27 31 41 25 25 20 3
40 52 5 67 41 60 46 44 39 51 28 68 42 16 27 81 73 56 61 34 37 54 4 7 51 69 46 45 31 69 40 80 46 59 39 34 42 0 38 42 40 45 29 93 48 62 66 41 18 62 70 21 52 38 39 43 19 19 44 40
38 40 33 37 6 26 9 9 4 36 9 33 19 25 23 44 36 35 27 4 43 27 34 36 19 40 25 9 7 33 9 44 9 22 4 33 14 38 0 17 2 25 11 59 10 25 31 13 23 37 33 44 34 13 17 28 18 18 9 14
24 57 37 25 23 20 17 25 14 53 20 43 2 26 17 42 43 52 40 19 32 13 38 38 35 27 43 25 17 29 8 52 21 33 14 49 4 42 17 0 18 7 15 70 21 24 42 5 34 21 31 40 16 30 34 45 26 26 24 4
40 39 35 37 5 25 7 7 4 35 11 30 20 27 25 42 34 34 25 6 45 27 36 39 18 39 25 8 9 31 10 41 7 20 4 34 14 40 2 18 0 25 13 57 8 24 29 13 25 36 32 46 35 13 17 27 21 20 7 15
20 64 41 22 30 22 23 32 21 60 26 49 5 30 19 43 48 59 47 26 28 10 41 41 42 24 50 32 24 31 15 57 28 39 21 56 11 45 25 7 25 0 21 76 27 28 48 12 40 17 34 39 9 37 41 52 30 31 31 10
29 46 24 39 17 31 18 20 11 43 6 44 16 15 12 52 47 44 38 9 33 27 25 26 30 42 33 21 5 40 11 55 20 33 11 35 14 29 11 15 13 21 0 71 21 33 42 13 19 36 41 33 30 20 24 34 11 11 20 12
95 52 88 70 54 58 54 51 60 50 67 27 73 84 82 48 29 42 33 62 102 71 90 94 42 71 48 50 66 52 64 20 51 38 60 67 67 93 59 70 57 76 71 0 51 51 28 66 75 76 49 103 83 55 54 53 75 75 51 69
45 41 43 34 9 20 4 8 10 37 20 23 23 35 32 35 26 34 19 14 51 26 45 47 15 36 26 7 17 25 14 34 2 13 10 39 17 48 10 21 8 27 21 51 0 17 22 16 33 35 24 54 36 17 21 30 29 29 6 19
47 56 57 21 25 7 16 25 23 52 34 26 26 48 40 19 22 47 27 29 56 21 58 60 29 22 42 24 31 8 22 30 19 19 23 56 22 62 25 24 24 28 33 51 17 0 26 22 49 25 8 63 33 34 37 46 43 43 23 25
67 38 62 47 26 33 26 23 32 34 39 2 45 56 54 33 12 27 6 34 73 45 64 66 16 48 27 22 38 30 36 14 23 9 32 46 38 66 31 42 29 48 42 28 22 26 0 38 49 51 28 75 56 28 29 32 48 48 23 41
29 52 36 27 18 19 12 20 9 49 16 39 7 26 18 41 40 47 35 14 35 16 37 38 30 29 38 20 13 28 3 48 16 29 9 45 1 41 13 5 13 12 13 66 16 22 38 0 31 25 30 41 21 25 30 40 23 24 19 3
43 36 14 58 25 49 32 27 26 34 15 51 35 16 25 68 57 39 43 19 43 47 16 20 33 61 28 28 18 56 29 63 31 42 26 20 33 18 23 34 25 40 19 75 33 49 49 31 0 56 57 34 48 21 21 26 9 9 28 31
32 75 58 7 41 18 31 42 33 71 41 51 21 47 36 34 47 68 51 39 41 9 58 58 50 9 60 41 38 25 28 55 36 43 33 70 23 62 37 21 36 17 36 76 35 25 51 25 56 0 28 55 13 49 53 64 47 47 40 25
54 62 65 22 33 12 24 32 31 57 42 27 33 55 48 11 20 52 31 37 62 25 66 67 35 22 48 31 39 3 30 28 27 23 31 63 29 70 33 31 32 34 41 49 24 8 28 30 57 28 0 71 38 41 44 52 51 51 30 32
26 70 21 61 50 59 51 52 44 68 36 77 38 20 23 81 80 72 71 41 19 49 19 15 62 63 61 53 38 69 42 87 53 66 44 53 42 21 44 40 46 39 33 103 54 63 75 41 34 55 71 0 42 50 52 60 29 30 52 39
18 73 48 20 39 26 32 41 31 70 35 57 15 37 25 46 54 68 55 35 28 12 48 47 51 22 59 41 33 35 25 63 37 47 31 65 20 52 34 16 35 9 30 83 36 33 56 21 48 13 38 42 0 47 51 61 39 40 40 20
49 27 34 49 8 36 18 9 16 23 15 30 32 30 32 51 37 23 23 12 53 40 36 39 13 51 13 10 15 41 22 42 14 22 16 22 27 38 13 30 13 37 20 55 17 34 28 25 21 49 41 50 47 0 4 15 21 21 10 27
53 23 35 53 13 40 23 13 21 19 18 31 36 32 36 54 39 20 24 16 57 44 37 40 13 55 9 14 19 45 27 44 18 24 21 19 31 39 17 34 17 41 24 54 21 37 29 30 21 53 44 52 51 4 0 10 23 22 14 31
63 12 40 63 23 50 32 22 31 9 28 34 47 40 45 61 43 13 26 26 66 55 42 46 18 65 5 23 29 53 37 46 28 30 31 14 41 43 28 45 27 52 34 53 30 46 32 40 26 64 52 60 61 15 10 0 31 30 24 41
34 43 14 50 22 42 27 25 20 40 9 50 26 9 16 62 54 43 43 15 35 38 16 18 33 52 32 26 12 50 22 61 27 40 20 28 25 19 18 26 21 30 11 75 29 43 48 23 9 47 51 29 39 21 23 31 0 1 25 22
35 42 15 51 22 42 27 25 20 39 9 49 26 10 17 62 54 42 42 14 36 39 16 19 33 53 31 25 12 50 22 61 27 39 20 27 25 19 18 26 20 31 11 75 29 43 48 24 9 47 51 30 40 21 22 30 1 0 25 23
46 35 40 40 3 26 9 1 10 31 17 24 26 33 32 41 29 28 18 11 52 32 41 44 11 42 20 1 15 31 16 36 4 14 10 33 20 44 9 24 7 31 20 51 6 23 23 19 28 40 30 52 40 10 14 24 25 25 0 21
26 54 35 28 20 21 15 22 11 50 16 42 5 24 16 43 42 49 38 15 33 16 35 36 32 30 39 22 14 31 5 51 19 31 11 45 3 40 14 4 15 10 12 69 19 25 41 3 31 25 32 39 20 27 31 41 22 23 21 0
Cost:  2046
Route:  0  2  50  47  36  51  7  12  42  27  24  40  41  33  15  5  14  55  44  48  26  19  10  56  21  30  28  53  49  23  6  3  34  9  32  18  16  37  20  54  4  58  13  17  57  43  22  35  31  38  25  46  11  52  59  39  45  1  8  29  