100
0 5474 0
2422 2429 3
1669 1687 3
2696 2707 9
2935 2945 6
2068 2083 5
1164 1176 8
229 246 8
5386 5398 1
4959 4970 1
4266 4284 10
4183 4195 5
4490 4503 3
1296 1308 10
1761 1776 10
4333 4345 3
4965 4977 8
4331 4343 4
5375 5381 10
2284 2296 4
2599 2611 4
526 536 3
2886 2902 6
4121 4129 10
373 384 9
2340 2352 6
3102 3112 5
3758 3764 5
2825 2844 9
4363 4378 6
3644 3654 4
1082 1094 4
3087 3098 3
3463 3477 8
3958 3974 10
3190 3198 5
1462 1478 8
5353 5361 8
2756 2771 10
3437 3451 6
1814 1835 10
3738 3751 10
706 716 2
3870 3875 9
5025 5034 1
204 215 1
1790 1804 6
105 110 10
686 697 1
2122 2131 3
927 937 9
2246 2267 8
4393 4409 10
3832 3839 7
1227 1239 6
1008 1016 3
4645 4660 10
1200 1207 3
5179 5197 6
862 875 3
449 460 8
1109 1123 10
1384 1397 3
4457 4476 7
5461 5469 5
4173 4180 5
872 881 1
331 338 1
4065 4076 2
4549 4557 5
2714 2726 10
598 617 4
2181 2192 4
2299 2304 5
3574 3584 3
1727 1739 7
1518 1530 3
3625 3639 7
2501 2514 10
2005 2013 3
3001 3012 8
875 889 2
1928 1939 1
65 74 6
4670 4675 6
4738 4746 5
2897 2912 5
1710 1724 4
3495 3504 9
4836 4844 9
1592 1610 8
3307 3323 3
3232 3243 7
4479 4490 7
3368 3379 7
763 769 6
5277 5299 10
5073 5085 6
892 906 5
4888 4903 8
0 37 82 53 55 42 98 30 32 8 68 10 59 15 26 59 24 12 23 12 8 72 82 14 26 96 65 18 29 30 49 35 42 49 7 82 86 65 36 29 48 49 45 49 25 66 24 19 4 33 14 6 13 1 33 4 53 38 67 25 97 10 15 23 82 17 95 53 92 81 66 36 43 18 33 17 27 13 70 72 7 15 43 65 42 24 85 88 10 36 25 13 30 96 38 95 92 26 52 44
84 0 12 79 74 8 36 76 55 31 32 49 3 21 54 97 48 16 60 50 55 23 48 66 49 12 16 18 10 81 96 26 5 67 93 79 79 7 89 56 78 74 17 54 57 43 41 40 36 24 26 5 96 54 54 86 59 91 22 82 12 83 12 74 6 48 31 4 2 4 76 70 30 75 96 40 97 24 78 29 58 91 68 6 4 11 69 63 64 41 38 40 17 40 53 25 72 10 2 53
95 27 0 16 17 59 29 96 52 27 28 67 58 27 3 28 84 41 30 66 9 26 7 8 29 3 32 86 93 72 37 44 82 31 87 43 47 88 20 68 32 48 81 2 68 56 36 24 33 35 28 94 20 35 17 28 2 49 69 65 78 16 17 98 90 52 65 83 36 44 24 13 50 21 32 55 19 80 15 18 34 92 99 79 15 7 68 29 95 17 80 73 17 45 15 80 24 10 27 15
67 48 25 0 59 64 57 58 99 32 60 50 71 23 23 59 38 90 3 55 12 17 81 13 2 77 86 49 91 38 83 93 61 37 31 45 79 53 83 92 72 49 85 8 57 53 83 16 66 15 88 46 32 57 65 1 57 66 27 37 27 14 95 82 73 71 63 51 81 65 8 51 37 34 14 94 73 65 10 3 1 81 5 15 40 84 49 86 89 23 16 81 97 78 6 87 93 40 71 91
68 94 75 66 0 89 3 72 32 96 1 89 58 20 50 12 64 99 14 62 72 17 89 25 54 68 94 4 26 40 18 7 82 28 11 8 45 70 18 66 2 48 28 22 99 55 3 41 75 73 16 8 65 97 10 40 19 8 50 90 49 51 90 90 95 84 52 94 55 26 5 19 88 12 79 93 96 23 99 81 61 89 82 23 14 36 34 69 25 1 98 19 78 9 73 80 98 18 42 91
97 33 7 23 19 0 52 24 69 2 64 91 11 39 40 88 70 71 62 60 72 65 32 27 77 46 43 67 99 41 38 11 99 37 57 8 24 96 10 38 54 86 85 65 18 52 61 33 19 44 14 37 6 79 5 20 17 99 43 67 23 26 65 37 65 9 83 98 5 8 87 99 53 8 57 68 57 1 12 86 85 14 76 44 28 5 57 77 62 65 65 52 76 16 45 87 89 21 25 10
13 2 11 12 97 27 0 84 58 35 21 24 10 52 33 31 81 33 38 57 21 92 13 36 70 87 31 17 39 91 89 31 4 96 38 53 44 41 46 14 5 78 82 51 2 32 37 28 84 69 65 11 3 75 90 69 29 28 60 79 81 79 44 72 38 13 75 78 3 21 68 32 89 30 38 89 65 58 95 52 77 28 56 18 49 45 17 72 66 94 55 4 35 94 17 44 31 58 77 65
70 73 48 92 55 1 68 0 74 38 22 58 69 94 41 25 61 17 84 76 95 69 54 67 75 59 33 57 8 17 36 67 88 55 8 76 37 38 19 98 34 66 71 45 5 11 39 45 98 43 15 31 61 69 60 1 72 18 32 66 97 71 75 78 91 76 84 88 79 91 68 41 27 42 50 7 57 66 73 94 26 67 94 34 59 7 50 50 96 16 80 38 80 8 51 50 36 27 27 75
70 43 10 53 16 41 18 24 0 50 25 61 99 36 29 81 92 9 20 32 5 25 50 69 56 2 60 58 33 93 15 9 53 44 92 73 65 21 19 62 39 85 63 75 22 12 25 37 46 34 23 20 37 98 20 5 95 13 50 38 54 68 9 40 70 59 77 42 29 63 65 88 12 46 65 89 92 13 74 80 16 90 25 49 41 12 62 51 7 86 10 36 78 52 33 9 24 67 73 49
37 60 7 43 14 82 17 27 10 0 15 62 28 63 41 23 9 40 77 68 90 44 39 92 8 42 77 54 56 81 5 4 70 85 93 85 84 49 11 20 34 37 78 42 83 1 96 36 33 60 64 43 7 33 32 85 35 10 5 69 79 8 68 93 27 13 53 98 88 81 9 72 55 56 44 61 72 62 50 92 19 7 79 12 2 16 16 7 29 65 81 79 73 12 57 4 46 65 48 97
3 92 25 18 44 67 15 90 26 2 0 39 98 50 32 35 7 51 40 14 20 2 13 18 59 5 13 78 83 74 97 65 98 26 15 92 71 52 68 43 82 68 99 46 55 3 33 47 93 70 14 17 76 41 54 72 56 94 10 18 22 12 66 69 63 24 61 2 11 29 97 38 85 71 75 87 25 25 30 90 72 68 47 85 16 62 99 51 15 2 84 70 31 20 60 65 80 78 74 91
14 70 26 89 2 38 22 96 73 99 82 0 35 36 54 98 61 74 96 40 57 9 62 62 57 18 82 74 75 3 36 58 5 10 1 29 58 52 69 52 33 83 98 26 74 49 30 24 37 88 2 31 71 90 50 98 17 36 54 45 41 69 58 38 11 47 85 18 7 50 18 98 58 74 35 82 19 59 74 92 87 70 60 22 4 80 14 16 31 36 47 48 44 41 87 13 68 15 87 15
59 49 89 33 38 82 63 8 95 4 27 17 0 60 1 67 15 92 23 22 32 81 6 21 65 47 45 50 82 96 62 30 26 1 11 5 25 62 82 29 95 72 29 33 42 55 34 85 48 51 85 71 17 94 81 53 74 58 31 51 25 58 44 69 93 90 86 56 93 51 80 3 74 99 81 86 10 97 16 55 97 29 79 44 96 68 98 90 28 93 29 93 99 95 33 83 4 7 49 99
94 87 8 40 42 86 64 65 41 5 61 63 7 0 5 49 47 38 84 76 88 73 59 65 22 50 55 35 82 26 30 9 5 25 23 68 54 66 30 4 22 46 84 81 63 84 35 24 38 32 83 82 68 84 21 61 17 64 24 11 36 67 73 91 22 67 73 15 11 94 28 39 2 79 83 11 90 61 1 65 50 64 93 79 70 11 9 25 80 51 16 60 63 20 94 19 58 43 38 87
55 53 83 48 47 31 1 9 23 58 54 87 6 84 0 24 83 48 15 34 52 19 63 16 60 69 41 26 19 55 3 14 60 86 71 30 49 66 23 44 16 14 11 47 54 59 14 84 73 47 25 26 10 83 9 91 54 55 66 28 49 25 30 93 81 61 56 21 12 47 75 42 1 46 68 89 19 44 27 28 55 76 20 7 3 13 24 32 80 88 49 64 53 46 39 5 33 59 42 16
86 72 81 13 60 90 89 49 68 59 19 67 49 25 19 0 88 45 24 43 3 26 82 3 26 70 1 6 91 17 48 82 44 73 87 80 37 1 87 20 89 92 83 67 4 40 84 65 50 30 38 57 11 96 28 17 36 89 87 82 5 21 25 75 4 55 27 32 18 19 57 85 15 1 69 65 64 97 22 7 95 71 60 83 28 72 72 43 17 16 8 96 51 65 5 38 55 34 57 12
42 49 73 14 69 69 25 20 38 60 43 53 33 61 90 7 0 1 39 7 95 66 91 12 9 1 95 31 90 84 89 1 13 6 17 3 17 5 11 35 22 57 11 95 52 5 62 13 35 40 30 82 34 7 79 36 88 56 68 31 51 51 26 46 76 71 13 22 17 22 46 31 61 13 49 78 5 7 40 44 31 92 6 16 42 13 44 22 84 91 27 50 90 25 78 94 72 66 56 51
30 24 48 16 99 63 24 5 83 85 98 32 67 91 55 3 57 0 74 23 48 90 32 58 53 36 44 65 43 15 78 12 5 80 37 7 30 10 17 82 36 14 47 44 78 28 67 7 34 3 91 99 14 67 16 74 24 36 43 99 99 46 92 89 93 84 72 65 2 43 42 82 36 68 3 87 50 84 24 81 81 6 27 56 3 51 48 90 90 26 88 38 75 26 45 50 16 6 54 11
58 36 9 55 65 7 40 81 2 26 83 70 32 16 85 23 47 70 0 43 33 22 72 47 63 6 93 71 29 56 53 63 6 63 44 51 24 1 87 10 34 19 49 37 44 9 49 82 1 57 42 52 34 74 27 41 86 39 42 47 96 52 73 89 87 81 21 16 67 94 74 70 75 48 47 10 32 43 50 56 70 14 77 39 46 5 66 46 35 13 81 86 62 8 55 49 75 79 25 83
28 92 92 96 11 74 37 47 42 49 49 69 85 44 31 43 25 68 39 0 97 55 96 27 16 33 44 60 16 84 21 80 95 63 81 21 27 16 2 41 71 74 59 12 14 36 41 97 74 49 74 28 38 43 36 16 19 14 89 32 42 97 93 52 69 32 16 16 77 74 44 86 35 8 38 60 38 98 4 65 11 95 14 94 36 67 60 22 45 9 20 12 17 39 82 64 93 55 4 22
7 59 5 89 40 81 41 12 49 76 57 56 80 97 56 53 47 61 46 33 0 6 88 12 55 16 54 49 72 20 85 47 65 6 82 52 56 77 68 96 18 60 42 54 15 98 20 97 88 29 2 12 60 7 76 16 40 76 7 28 1 9 17 33 17 23 57 38 93 42 57 82 37 71 69 18 77 90 81 64 23 46 77 44 14 63 21 31 85 22 63 52 3 86 70 71 60 71 18 15
48 58 30 33 20 10 39 18 24 52 88 96 83 43 17 90 59 72 40 30 1 0 92 32 83 20 12 7 26 21 49 36 54 99 54 76 5 6 61 69 22 84 51 33 61 72 51 31 54 82 7 99 85 70 16 43 53 59 92 35 39 30 46 34 91 54 74 4 74 40 5 74 76 61 81 93 17 72 30 29 85 48 55 83 56 44 10 15 83 31 1 80 75 71 42 79 80 11 62 96
33 28 62 68 59 58 46 11 57 10 18 8 65 45 76 57 30 86 21 88 32 3 0 64 79 21 25 6 96 90 66 41 15 71 38 17 94 76 5 39 44 36 89 96 88 86 45 64 39 86 32 71 73 59 94 30 49 61 76 75 21 80 80 60 60 75 32 26 41 1 13 91 74 66 29 51 37 81 82 78 79 67 23 75 22 10 9 66 33 79 18 42 70 24 37 49 51 54 3 73
44 94 67 76 72 54 87 51 9 49 8 44 63 61 92 68 73 32 65 29 11 33 74 0 68 53 10 59 35 59 10 7 25 97 84 30 31 18 97 50 26 23 48 6 65 39 92 42 15 25 6 45 57 21 13 83 12 18 49 43 28 53 87 79 51 40 13 80 31 16 74 25 33 44 8 70 75 39 14 26 63 32 85 87 40 37 45 94 58 2 85 74 41 36 5 5 51 72 50 13
59 81 31 44 98 68 42 49 60 29 52 79 23 31 68 10 17 47 85 60 25 66 11 93 0 8 53 30 33 71 69 33 84 93 17 43 91 54 61 52 64 33 79 23 85 25 48 75 34 29 86 73 4 14 52 82 64 34 39 89 58 45 42 7 18 88 99 42 3 70 99 19 36 22 88 9 96 10 78 39 68 71 94 30 53 45 52 27 10 80 71 73 12 11 93 68 53 52 65 20
10 68 99 47 48 11 79 10 88 95 9 39 37 78 84 34 30 38 11 42 1 37 74 58 67 0 2 6 32 69 57 37 52 61 10 5 36 6 90 53 50 53 55 10 29 72 70 28 34 51 94 86 1 31 93 39 20 17 92 5 19 88 94 12 98 89 14 97 8 16 7 10 52 23 92 31 83 21 54 94 16 38 66 87 74 45 57 58 83 85 82 61 77 94 9 61 78 10 76 45
3 38 18 96 84 3 17 28 63 57 70 90 52 64 24 67 63 17 50 93 60 84 54 90 53 11 0 41 67 75 75 97 91 52 24 79 1 70 70 22 16 96 45 15 7 84 85 56 94 88 96 72 33 61 49 68 79 96 8 23 6 38 49 79 47 98 43 73 69 54 76 80 14 33 17 44 20 12 72 13 58 49 87 53 28 91 85 36 61 32 79 24 50 69 11 8 42 14 96 89
16 18 46 75 76 62 62 21 56 53 13 41 55 68 10 38 91 30 21 91 35 12 39 29 80 88 24 0 72 96 73 37 51 11 94 26 95 21 23 21 28 32 80 71 50 10 3 17 95 11 11 13 99 70 62 82 28 19 57 65 64 46 9 60 45 24 31 8 3 8 7 75 23 36 61 23 20 61 88 80 39 11 68 31 3 97 71 82 48 52 82 39 83 11 46 46 74 65 3 99
72 21 12 51 78 87 20 90 35 5 17 30 21 44 7 87 14 81 26 76 73 97 50 90 67 60 52 2 0 73 99 19 45 64 94 58 46 46 85 4 83 88 70 34 98 5 43 85 79 57 29 33 9 75 37 66 13 30 27 38 32 55 83 36 2 75 3 62 32 66 90 52 65 93 79 5 67 54 2 58 22 49 37 76 67 39 61 88 12 95 8 78 47 33 38 26 71 72 22 66
59 10 66 50 94 8 51 22 23 78 76 2 41 77 2 38 33 72 62 67 26 49 12 56 34 66 97 27 29 0 62 46 92 78 78 93 21 78 6 69 10 46 17 65 97 96 77 93 29 72 71 87 28 59 42 56 18 35 63 55 93 93 66 42 82 3 31 1 9 4 10 94 18 67 84 98 72 75 23 57 44 80 43 7 38 5 61 93 42 22 53 37 5 41 23 78 6 37 39 92
41 54 17 91 64 75 13 3 72 26 83 13 92 47 47 24 72 25 79 1 78 36 75 52 26 15 6 24 17 42 0 44 70 95 33 46 29 19 82 13 28 89 69 21 52 42 94 95 26 59 43 21 72 70 69 18 84 5 8 67 90 27 13 63 19 19 46 92 64 4 99 1 56 89 1 11 8 17 26 73 25 18 14 42 10 46 32 29 66 30 10 7 20 68 28 23 32 43 2 30
12 86 77 58 92 88 40 28 48 17 39 23 56 6 11 95 14 67 90 50 8 40 99 76 95 85 89 37 35 30 23 0 27 54 80 69 18 47 36 40 46 93 76 85 95 85 7 30 63 58 89 93 74 36 71 23 96 20 92 44 31 18 16 57 35 69 21 91 70 62 89 83 70 93 68 16 83 17 7 71 27 63 6 25 48 8 41 61 70 31 6 35 42 59 32 45 2 74 21 27
14 82 31 74 64 79 54 5 16 74 27 83 68 5 15 93 18 6 9 86 97 60 12 65 74 56 11 54 69 85 5 85 0 40 62 31 5 77 22 31 29 48 57 43 99 42 76 73 26 22 93 55 24 85 2 67 84 92 9 27 79 36 42 73 86 64 7 77 56 58 53 33 85 24 18 78 30 26 83 2 41 34 92 44 84 27 55 81 12 9 93 19 66 12 73 43 7 39 54 56
29 48 43 62 53 93 62 71 66 92 68 47 23 54 35 81 68 47 64 93 44 79 19 48 87 91 88 21 30 39 88 83 44 0 36 33 14 12 57 48 98 56 5 87 94 59 94 6 78 63 12 37 3 35 99 28 42 11 89 73 42 12 26 23 39 12 55 52 56 55 51 29 44 8 93 53 39 59 79 96 97 53 13 69 5 77 66 59 28 58 88 4 48 56 30 79 35 27 4 55
89 24 35 94 90 85 61 45 25 51 48 64 4 60 77 71 11 39 28 1 11 99 59 15 38 78 22 18 13 78 64 88 59 57 0 80 64 22 44 46 64 11 93 58 59 69 26 63 55 22 32 24 52 67 76 87 59 49 93 70 55 6 21 92 88 95 49 5 95 68 72 70 10 40 45 33 40 68 82 84 25 17 3 20 51 41 96 7 31 23 71 94 38 42 7 75 53 3 51 17
28 81 86 40 61 39 71 45 52 73 80 6 35 48 74 2 94 39 21 33 88 36 84 72 53 7 61 14 77 42 77 43 83 26 26 0 43 57 27 51 26 89 17 42 92 61 67 84 30 31 14 27 79 90 97 63 65 33 55 9 4 87 23 8 99 8 63 38 16 8 29 4 33 69 23 32 80 89 83 26 6 24 68 97 27 45 7 38 51 72 24 7 42 39 40 43 60 72 33 5
84 44 54 17 63 6 93 58 97 38 98 74 82 20 56 78 68 11 57 52 83 21 73 55 27 49 81 28 22 22 3 10 59 38 50 77 0 28 14 18 28 93 72 88 58 56 52 17 23 41 29 35 39 27 43 3 41 41 71 68 88 89 35 15 16 15 47 15 29 47 96 52 51 48 9 73 49 84 18 24 76 86 47 79 4 55 69 6 37 51 57 54 40 5 12 14 50 22 45 86
13 76 66 62 97 48 79 37 23 63 66 57 24 88 36 23 88 78 11 31 65 44 75 68 84 14 3 92 2 87 38 88 79 8 49 21 42 0 68 39 42 20 24 55 30 67 93 66 83 14 10 47 37 86 38 26 22 35 65 9 78 56 66 73 13 79 67 20 1 73 75 72 64 97 16 33 21 53 67 97 36 46 54 45 42 42 16 17 91 69 60 99 70 16 96 73 77 71 74 30
65 71 78 30 9 5 93 50 96 52 3 3 63 54 15 94 82 18 37 69 82 79 55 25 4 98 79 5 62 8 30 78 5 77 48 95 71 17 0 5 3 72 69 94 83 81 62 20 71 71 3 99 77 54 4 4 33 64 86 8 48 63 65 47 85 71 74 2 68 23 76 39 1 68 24 27 17 28 71 93 11 13 63 34 7 17 84 15 88 31 84 53 36 22 60 84 78 6 63 64
23 12 18 14 58 18 40 83 47 91 72 28 20 12 64 8 79 62 73 80 86 39 55 28 60 38 62 94 90 35 37 48 43 15 82 43 73 66 6 0 58 50 23 70 11 51 60 37 94 78 67 67 1 14 84 51 38 9 14 16 61 38 18 12 97 60 36 74 27 97 96 74 18 41 26 70 39 55 8 85 53 54 56 84 46 40 48 88 4 18 29 70 81 33 83 14 76 28 97 75
93 15 88 5 42 13 79 37 9 18 17 28 53 9 26 64 78 68 92 14 28 24 27 94 65 67 67 22 94 3 51 20 61 53 51 34 74 31 58 16 0 16 44 93 62 91 26 63 11 55 27 88 38 1 79 35 21 41 59 53 70 9 11 3 54 21 72 86 78 55 16 42 65 7 99 84 80 93 64 61 31 48 97 80 12 59 61 47 97 16 28 85 30 69 7 57 72 54 59 3
72 97 61 38 92 55 49 17 59 34 3 58 24 22 58 86 46 27 38 43 16 37 4 98 9 31 91 9 19 4 79 37 78 67 6 33 33 48 37 76 1 0 45 42 72 52 94 54 65 60 51 65 44 89 40 44 47 76 25 52 17 16 35 97 37 26 61 30 72 77 69 77 63 86 80 92 15 57 65 3 39 82 37 43 16 3 59 2 61 12 19 31 23 91 84 40 15 60 76 34
64 70 76 87 90 96 7 10 54 5 5 6 72 88 57 1 92 35 64 70 24 51 28 63 84 10 73 97 72 85 38 84 67 14 92 49 14 27 44 75 27 70 0 9 70 87 59 35 96 94 54 89 89 35 50 78 37 12 61 38 39 65 91 20 82 72 75 50 75 39 42 64 76 88 77 47 52 95 67 76 36 54 24 54 44 49 35 25 41 49 24 11 82 68 55 51 87 28 34 32
97 30 53 47 54 45 23 11 59 20 82 12 16 42 49 12 50 63 10 8 51 30 62 46 7 71 85 95 31 80 66 82 50 89 77 83 44 32 96 53 22 14 20 0 1 20 41 78 50 28 2 66 62 8 29 70 68 54 11 93 69 29 13 63 55 29 85 29 69 74 58 82 58 83 56 89 52 88 9 40 35 14 4 89 21 85 56 40 35 61 6 63 45 67 70 6 87 1 47 99
26 19 60 74 32 76 52 44 99 80 2 16 80 15 92 6 28 55 22 35 62 10 62 14 30 80 4 2 42 75 81 10 22 5 47 55 82 63 15 61 21 68 56 57 0 74 85 74 31 31 27 3 11 15 28 68 87 33 27 75 46 97 69 64 82 75 1 68 17 11 48 20 47 4 97 30 96 97 93 42 85 74 84 77 78 79 82 93 54 5 53 85 92 94 38 62 93 48 12 95
42 23 57 37 22 68 61 23 81 26 67 61 83 45 62 78 80 4 79 78 12 87 14 6 52 24 23 24 97 10 56 99 21 79 27 49 38 64 64 39 39 12 99 66 70 0 98 52 70 61 82 17 58 49 99 3 45 14 90 85 64 39 1 65 57 36 51 39 24 34 85 58 58 98 29 46 4 44 53 4 3 9 54 61 44 26 3 55 80 12 56 59 96 50 31 92 36 90 52 26
67 56 21 34 14 89 39 15 88 27 38 83 57 70 69 98 62 54 37 74 66 61 54 42 88 91 75 24 77 23 74 81 45 29 25 33 98 6 32 79 23 78 69 66 98 47 0 82 37 20 87 26 18 38 78 13 74 88 65 68 14 40 68 11 46 2 22 32 10 46 84 4 32 96 39 40 27 40 29 65 83 91 87 24 23 82 49 45 45 78 36 48 21 78 53 18 45 80 55 81
13 96 85 94 7 72 30 89 14 50 70 42 5 51 24 61 29 62 95 77 10 44 83 51 51 76 28 61 68 72 54 28 76 79 52 69 20 19 3 96 91 81 55 8 49 94 69 0 95 60 50 4 97 88 70 38 44 30 94 44 29 63 49 57 98 50 79 31 8 94 40 30 59 54 26 87 13 27 26 56 91 97 80 91 19 94 70 12 52 8 63 47 38 91 87 35 13 13 64 83
85 38 78 68 92 52 14 97 76 85 79 68 76 22 34 62 20 28 35 97 34 12 75 14 85 90 34 27 14 91 66 60 37 64 85 96 54 4 81 5 68 11 11 55 91 22 41 91 0 37 32 32 37 6 40 43 95 55 98 96 22 90 96 24 88 85 27 25 55 87 90 80 3 57 63 40 11 47 19 22 97 76 96 52 61 12 37 36 40 1 22 52 30 14 8 88 50 52 42 27
39 48 62 1 24 23 30 48 52 43 92 66 36 15 11 42 61 24 81 71 59 58 63 69 77 59 2 32 6 9 17 46 23 28 15 97 81 60 92 66 85 10 31 83 77 74 85 66 36 0 77 76 98 65 70 5 71 72 50 51 93 70 32 3 91 14 19 97 39 27 77 31 59 6 6 74 80 90 9 58 85 68 65 66 48 41 44 67 40 35 82 12 24 62 48 99 31 18 46 70
73 33 63 28 14 17 19 58 7 33 38 60 16 78 46 88 32 2 68 77 60 65 72 62 56 39 55 53 24 52 8 37 64 9 78 29 70 39 79 26 97 8 53 30 54 58 29 14 94 96 0 88 47 92 46 74 95 42 48 26 4 94 62 71 89 9 95 24 47 82 41 69 57 66 28 23 39 26 12 19 80 25 27 40 76 86 93 96 75 18 79 30 32 58 10 68 39 18 48 63
32 15 40 91 28 24 1 45 13 94 60 34 25 26 82 20 35 61 81 25 1 95 38 7 88 55 95 71 25 9 41 59 73 57 8 76 65 16 92 71 22 65 97 68 89 63 15 21 45 32 98 0 52 52 73 96 51 53 81 33 46 50 31 42 67 60 16 44 64 95 89 59 64 54 86 72 32 60 85 92 48 60 2 74 72 36 66 79 34 57 54 40 91 37 2 3 70 47 19 42
67 95 34 87 76 50 62 47 62 91 94 87 98 22 91 36 6 10 35 42 24 84 33 48 87 85 74 93 95 82 49 4 54 52 62 13 63 39 50 41 49 54 70 34 1 32 58 19 51 78 58 97 0 4 12 30 18 54 20 27 79 27 26 55 12 62 79 95 21 1 91 56 86 55 58 9 81 69 30 8 20 47 42 98 74 14 72 47 64 79 85 23 92 77 15 58 80 76 8 34
25 11 64 71 8 85 46 76 47 25 26 82 43 71 60 69 7 24 32 73 42 40 10 42 82 72 49 37 89 91 58 16 63 97 49 56 25 78 69 83 7 20 28 29 90 88 12 77 58 51 59 1 33 0 47 90 87 28 24 3 17 57 26 79 96 99 69 28 6 23 53 91 40 46 58 6 11 12 42 22 46 10 93 38 59 90 17 88 11 14 63 96 64 83 79 1 99 92 25 66
63 77 31 97 25 92 3 8 21 27 35 90 67 63 78 13 91 12 71 69 54 44 20 80 44 44 63 55 93 16 85 88 64 15 97 76 97 28 72 48 89 60 81 51 69 60 70 69 89 80 80 45 80 22 0 53 84 71 48 18 33 30 44 74 78 3 20 57 68 96 86 1 71 68 1 6 65 19 77 47 62 94 5 80 66 76 46 43 82 25 2 94 30 91 92 89 23 70 8 21
7 16 56 18 38 54 87 92 70 71 13 7 64 41 13 37 6 2 43 65 35 65 15 63 29 60 37 43 81 40 29 73 56 34 22 63 44 69 85 48 18 71 32 65 26 36 5 77 7 96 10 60 81 2 52 0 75 69 10 46 99 32 31 66 38 82 96 36 2 32 92 97 20 91 96 23 78 84 37 20 2 62 73 97 56 27 29 58 48 34 22 12 16 63 29 76 44 53 27 21
80 37 17 38 20 29 84 6 36 82 75 26 27 83 31 60 24 58 18 96 83 92 70 3 64 86 7 17 67 16 51 63 79 88 13 61 64 41 78 67 16 47 13 71 38 36 29 27 9 71 92 16 92 57 14 13 0 31 31 92 61 30 45 6 19 47 61 14 56 14 19 47 21 97 47 48 10 43 88 55 11 76 45 72 11 70 40 31 96 35 24 37 62 36 32 68 82 94 41 11
97 46 95 98 41 14 79 36 34 80 12 78 57 28 61 84 5 57 7 51 1 51 71 77 36 34 23 36 62 23 23 36 44 82 43 57 81 31 97 8 42 16 80 69 27 11 11 88 66 27 30 8 11 5 24 99 1 0 81 77 71 14 80 47 3 61 82 71 28 85 88 64 55 14 50 30 51 86 18 33 39 54 61 53 33 65 18 31 39 26 81 99 20 36 45 21 60 98 1 83
38 85 24 15 57 70 21 2 55 69 89 58 79 54 65 48 80 58 37 8 60 41 63 52 32 71 91 55 71 49 11 2 92 68 98 35 23 64 28 76 9 94 28 43 25 26 14 54 89 59 85 78 32 24 44 39 66 82 0 9 13 95 89 58 31 32 58 73 68 33 70 29 62 26 60 59 98 50 34 86 95 59 73 6 15 7 96 28 87 16 53 9 74 55 53 41 94 26 63 1
54 66 7 50 54 95 68 99 4 60 35 15 58 96 42 20 25 4 14 25 82 40 76 5 35 10 33 51 22 88 74 28 20 85 78 85 65 46 76 63 95 45 23 10 33 28 97 76 54 8 41 60 67 9 67 12 3 15 16 0 24 44 45 67 46 21 10 34 15 51 64 2 45 10 62 29 75 91 71 47 61 78 85 21 66 34 84 13 55 68 21 22 72 25 72 11 80 32 77 32
48 5 71 5 31 75 48 48 7 31 67 47 12 17 94 73 51 56 16 46 91 66 9 50 44 96 64 60 31 32 83 74 42 49 82 8 16 31 30 45 83 95 97 27 93 74 90 53 87 37 55 48 62 6 64 82 10 52 48 44 0 76 3 49 50 89 94 49 46 49 19 33 80 24 33 35 89 60 40 25 85 86 42 43 75 34 91 58 57 78 48 50 41 35 7 51 52 65 61 18
26 23 50 66 41 46 44 49 77 79 80 45 84 97 29 81 35 84 83 78 94 1 46 39 95 65 4 11 22 27 60 95 54 9 28 93 73 83 31 75 6 63 49 74 28 44 84 91 18 69 83 43 56 51 57 67 65 92 66 38 31 0 56 92 35 96 33 17 12 1 87 54 37 22 80 87 19 23 21 37 86 22 88 7 69 49 99 11 70 23 36 30 97 94 6 52 69 99 43 23
64 94 36 65 57 89 33 61 20 53 93 57 40 27 89 59 67 10 26 66 69 12 87 12 9 62 85 82 95 70 16 45 40 62 57 55 70 50 42 63 3 57 40 93 15 66 40 61 32 2 44 75 58 88 88 72 16 39 71 81 97 38 0 73 12 71 80 65 64 25 87 25 9 30 39 25 7 44 5 12 60 42 35 3 70 33 40 17 11 51 30 33 33 31 42 41 15 51 1 43
14 63 21 24 39 2 11 8 56 86 67 89 44 11 33 68 6 52 25 34 4 62 28 64 5 5 28 89 38 13 79 31 64 20 51 8 41 97 71 33 1 36 35 14 32 40 36 54 1 21 95 24 99 27 57 68 93 59 53 31 30 6 31 0 32 43 2 99 23 26 15 11 28 26 21 82 20 57 79 64 77 44 53 82 62 88 6 58 9 58 54 52 99 6 6 78 81 52 78 52
3 96 26 85 66 21 74 98 85 45 50 51 15 26 42 32 10 50 29 62 75 95 14 30 58 30 95 61 23 98 80 15 89 20 69 65 20 14 61 12 35 62 9 34 69 53 28 85 92 4 82 78 76 32 28 66 70 71 78 66 67 8 96 8 0 63 28 21 63 10 11 89 66 25 44 28 25 33 92 19 96 89 56 48 82 7 96 90 87 17 85 94 6 94 9 28 19 21 82 21
14 2 18 63 86 57 96 59 15 86 36 4 69 50 74 70 99 42 90 79 25 49 58 87 6 36 71 52 67 42 7 91 73 5 95 94 41 15 52 81 28 8 55 37 64 50 30 20 76 3 88 52 54 68 48 91 76 47 30 31 24 36 67 77 58 0 50 10 61 24 83 66 65 71 12 44 94 30 93 81 72 43 28 88 21 98 83 58 19 90 57 3 5 96 41 56 57 67 5 52
68 30 52 15 1 46 93 48 55 30 24 79 26 50 20 83 25 38 70 18 78 48 22 28 78 75 28 37 3 89 90 63 86 14 1 24 53 30 45 1 3 84 95 16 62 90 48 18 40 56 5 44 90 21 49 63 42 87 58 25 58 57 15 80 94 43 0 83 88 42 90 61 86 30 27 64 76 37 41 23 9 4 11 73 2 12 68 87 70 16 39 57 88 47 77 91 81 90 16 32
26 70 36 16 88 25 96 76 83 56 17 23 53 41 1 83 33 85 44 67 63 16 29 40 46 97 6 10 5 11 33 38 15 10 63 13 23 65 91 31 2 43 84 6 99 48 85 34 15 79 3 47 59 2 28 30 42 7 81 1 3 69 89 57 23 63 56 0 48 63 99 37 51 4 90 45 72 30 83 80 3 62 41 64 14 33 18 36 54 13 34 27 3 3 62 93 12 81 51 67
55 6 38 49 2 79 12 55 68 91 6 45 67 87 97 85 79 77 79 94 1 45 94 49 20 20 9 25 71 98 79 98 98 98 32 28 66 32 9 45 64 41 20 52 71 48 29 44 25 83 49 18 48 89 67 16 99 15 83 88 64 22 23 54 40 81 35 37 0 59 93 38 79 60 73 69 54 36 18 64 19 5 66 25 78 9 16 13 27 59 15 70 29 81 10 74 74 42 36 23
23 66 44 64 63 12 61 20 63 86 53 64 97 77 64 45 57 36 43 3 25 46 26 94 13 47 43 2 43 61 29 35 99 42 71 24 68 32 60 42 3 25 11 17 60 25 23 18 18 24 48 10 96 50 44 3 90 22 31 25 10 45 72 42 47 13 78 60 86 0 98 94 91 42 1 95 50 31 99 29 67 94 73 91 45 47 95 24 26 22 21 75 2 80 82 87 15 35 99 82
52 63 16 28 39 12 83 21 8 32 92 90 96 39 69 80 2 27 51 42 51 66 78 6 23 3 65 49 25 45 96 8 29 11 25 19 67 50 30 78 47 85 30 99 52 61 38 28 6 16 9 36 82 82 87 12 88 31 94 47 26 97 10 37 73 78 74 42 9 27 0 24 31 40 33 78 57 43 54 94 49 99 19 66 56 74 75 52 88 6 45 35 46 76 43 75 2 22 71 77
47 23 66 3 93 6 5 5 31 8 28 22 88 22 92 80 22 62 94 8 74 84 82 53 65 46 36 82 65 76 41 87 44 38 35 82 31 30 7 49 23 75 16 50 58 55 9 85 83 89 64 52 55 7 52 19 30 2 91 14 27 60 10 19 69 15 51 69 1 86 66 0 70 8 13 1 52 56 16 98 78 84 84 53 35 96 53 99 67 84 33 77 6 34 66 89 47 40 12 64
15 13 53 73 65 34 53 73 11 44 4 74 32 75 46 34 93 28 73 67 55 66 63 9 12 37 86 92 40 48 37 92 25 52 40 27 27 19 5 21 77 99 78 86 98 3 99 6 1 35 38 63 87 81 75 62 5 27 56 93 46 2 60 2 18 29 16 51 7 43 85 21 0 61 40 53 60 88 54 50 87 39 82 93 37 12 41 19 33 98 84 1 78 23 61 9 36 69 51 99
12 48 86 32 17 39 11 18 67 73 67 49 12 48 89 3 52 88 79 11 49 17 94 28 88 39 86 59 55 48 72 40 4 29 98 82 62 66 69 64 59 63 98 25 27 31 4 7 25 82 40 31 73 55 67 97 98 65 76 90 79 55 5 8 81 59 16 38 13 46 26 23 23 0 43 18 66 2 59 76 13 17 45 76 4 89 34 30 25 74 81 24 15 4 95 15 93 33 44 48
42 66 57 30 69 8 34 70 75 63 92 72 50 57 50 40 59 99 57 93 4 90 70 29 93 54 62 25 21 52 46 85 27 94 45 42 6 57 89 7 57 10 25 14 74 66 51 71 3 81 28 32 14 74 14 21 36 94 58 29 38 75 71 5 35 76 1 89 35 19 95 28 53 19 0 15 95 46 44 35 40 82 12 72 83 60 48 54 2 5 12 31 8 21 15 71 27 27 21 28
73 92 34 23 13 47 74 21 38 1 81 23 20 20 18 47 88 68 17 11 4 39 54 64 92 15 46 50 78 31 9 53 21 35 72 69 89 82 29 35 33 78 29 73 57 7 60 98 23 98 92 37 76 75 22 72 86 22 86 67 49 19 2 71 28 97 27 85 81 95 84 89 98 20 1 0 26 42 23 59 89 65 78 81 9 59 78 84 37 26 44 52 11 38 90 72 70 87 20 33
56 72 66 19 29 3 47 45 99 22 67 14 74 63 72 98 94 12 77 13 43 16 30 22 14 75 53 53 43 30 63 14 87 56 97 99 80 1 2 21 41 56 90 16 72 59 86 15 90 20 94 51 96 71 51 72 32 29 29 5 36 93 10 55 14 53 4 61 59 51 85 54 17 46 54 22 0 43 8 32 54 18 29 88 32 68 8 50 14 38 65 6 97 17 73 52 25 60 10 45
62 88 29 84 84 59 37 22 90 66 34 11 50 87 94 33 30 45 59 25 21 20 57 52 51 84 6 95 97 7 6 93 11 38 5 33 60 35 79 78 44 97 51 18 2 63 41 21 78 89 85 77 51 68 4 15 76 17 8 1 68 17 90 71 47 32 67 13 15 72 42 4 69 1 26 94 67 0 38 4 71 41 76 43 97 52 48 31 11 39 12 70 97 72 16 44 72 82 56 45
58 84 98 51 29 64 39 45 32 16 72 80 30 73 57 90 10 42 44 50 87 24 6 80 67 90 72 71 89 48 43 67 91 14 61 60 6 57 12 10 41 91 36 98 28 58 20 57 62 72 43 71 31 61 95 20 16 35 98 58 8 61 58 67 88 11 92 84 35 38 40 13 30 46 50 68 72 21 0 5 63 3 34 31 23 19 98 49 3 85 56 90 39 71 31 18 63 22 76 46
84 6 47 62 87 62 50 7 39 22 48 84 83 68 20 75 31 57 54 78 10 23 80 63 97 53 13 65 31 29 14 32 20 38 58 84 22 88 60 91 49 66 7 75 24 40 73 26 28 26 75 45 77 18 78 70 68 84 15 83 22 35 71 76 13 64 80 57 99 9 50 81 18 25 2 36 17 22 86 0 93 86 92 68 86 37 12 23 10 40 77 99 54 13 18 70 37 56 34 19
69 55 68 31 86 42 18 52 46 40 43 95 23 59 49 24 83 66 91 3 2 47 88 17 9 3 23 14 67 21 32 90 73 28 94 44 85 82 4 66 4 62 92 45 69 22 2 91 28 30 8 89 58 72 82 8 58 13 16 67 42 77 35 55 58 98 22 47 60 58 69 86 48 45 20 26 78 44 92 95 0 60 20 51 25 50 71 45 15 35 14 45 27 31 72 87 64 42 28 67
9 13 74 28 85 54 75 52 57 64 30 64 8 51 32 8 38 73 92 27 94 32 59 2 86 26 77 18 46 75 94 14 25 87 50 26 26 45 36 5 50 26 29 6 39 50 6 70 59 88 41 70 36 34 93 69 98 72 82 49 63 63 67 31 90 69 40 89 35 34 58 99 92 19 79 27 57 59 69 21 58 0 23 35 39 86 83 8 29 50 94 86 26 33 33 5 89 16 10 24
89 7 58 62 33 55 94 50 41 6 48 63 89 1 29 66 34 64 43 52 5 73 15 94 62 78 32 29 92 41 32 82 4 48 65 32 52 9 12 33 52 73 5 33 61 92 82 56 96 36 92 52 64 47 36 36 93 37 50 66 77 58 91 91 11 27 50 7 81 74 64 93 56 78 76 75 96 97 98 78 78 25 0 61 76 45 36 93 94 66 35 23 98 67 4 79 74 33 52 3
91 16 65 15 85 91 63 4 98 84 63 44 68 25 46 38 18 30 6 12 57 2 52 34 46 55 14 96 9 7 94 86 35 96 12 72 41 37 74 19 88 64 35 54 67 85 35 30 57 29 61 23 34 80 46 75 92 88 17 60 86 76 18 32 45 63 74 24 1 87 92 37 58 44 31 87 8 45 65 76 52 13 11 0 44 62 68 57 59 28 91 39 55 66 15 87 11 15 89 47
78 11 47 53 21 77 49 33 40 15 90 60 50 41 89 7 7 5 26 2 32 52 82 70 62 69 65 39 53 3 52 92 65 66 51 70 51 45 10 62 98 29 45 12 41 16 1 94 63 96 54 27 14 48 60 80 61 79 36 29 26 67 42 39 79 88 19 81 25 37 4 30 1 40 88 46 87 79 98 13 21 21 16 68 0 58 35 92 91 45 17 14 27 86 31 41 54 97 23 72
90 53 37 57 44 32 35 56 86 72 72 51 1 70 57 25 40 75 30 62 63 42 55 51 14 19 84 74 98 25 33 81 15 73 53 79 12 70 1 94 22 54 25 9 35 3 75 88 12 15 76 19 85 92 83 53 51 20 18 39 3 95 94 71 14 77 64 49 51 93 1 39 85 73 92 37 12 75 47 81 29 87 8 39 70 0 21 87 82 88 70 45 71 69 42 73 54 68 3 75
6 83 35 39 32 7 99 67 9 27 27 88 49 27 17 52 53 49 62 11 13 29 84 32 62 4 54 97 2 56 26 7 42 31 44 97 15 85 23 5 32 10 30 22 10 16 53 45 64 52 25 55 18 24 71 85 11 2 96 54 10 82 87 63 80 65 34 21 85 67 68 11 73 67 96 39 51 55 2 67 38 12 9 84 68 12 0 81 12 35 4 67 59 7 46 61 16 89 71 23
37 45 77 75 57 50 36 53 81 4 60 50 65 46 24 65 80 42 89 37 55 95 5 91 15 15 73 43 43 25 29 70 72 91 73 71 4 16 90 22 32 14 48 17 44 47 56 12 21 66 50 84 39 48 62 67 25 43 70 97 57 95 32 85 14 40 41 7 73 69 55 14 50 47 63 17 52 82 31 45 57 44 52 80 99 66 87 0 41 3 26 48 91 18 41 4 62 28 78 28
68 78 38 73 77 58 47 45 79 86 48 40 83 84 56 74 18 68 49 33 54 48 96 3 17 67 24 1 85 94 52 13 45 62 17 47 75 68 8 5 22 50 67 23 17 19 70 39 38 31 59 52 23 26 76 88 90 33 93 57 64 73 23 53 51 50 89 40 97 68 43 23 56 77 69 56 85 86 43 47 95 99 80 12 73 25 47 78 0 72 65 29 44 17 80 93 96 10 12 31
12 99 79 85 38 44 68 4 10 73 53 74 73 21 11 9 36 32 12 76 37 78 98 39 55 97 20 66 36 59 62 51 52 84 78 65 2 39 6 74 61 67 9 20 61 38 37 44 39 99 23 72 92 81 87 38 99 22 19 57 95 32 92 4 4 67 35 56 45 24 12 41 95 4 85 34 12 23 88 45 43 85 43 1 76 69 58 11 73 0 58 78 68 46 77 5 41 79 14 39
86 79 74 67 19 83 21 47 85 12 72 40 32 4 80 98 71 15 6 68 28 16 96 97 21 14 33 47 64 1 27 70 87 53 63 54 96 93 13 98 64 85 22 18 39 13 14 63 95 97 67 70 8 56 15 16 38 12 43 65 62 43 56 9 70 37 16 35 15 35 95 45 61 5 36 90 54 60 72 74 16 39 61 41 94 11 32 83 67 58 0 26 27 81 45 56 11 63 63 48
89 48 36 58 86 7 85 89 85 29 2 67 64 65 85 19 92 24 92 85 47 8 18 57 90 35 55 49 20 52 38 87 65 52 88 70 50 16 29 48 55 40 84 34 53 65 87 49 36 77 3 85 37 55 6 29 5 50 43 87 22 48 73 78 30 69 97 89 35 82 55 55 74 18 95 42 10 89 36 46 94 66 27 30 77 39 7 78 21 62 10 0 69 71 59 22 1 77 90 31
20 65 41 55 97 21 47 71 10 1 81 46 41 38 63 35 52 19 89 84 25 70 77 52 7 89 60 92 50 34 98 30 20 55 82 97 75 3 54 61 78 58 31 64 10 83 4 2 9 76 4 78 91 57 91 22 72 52 94 42 41 58 53 91 45 88 78 93 60 39 45 83 10 67 55 43 53 27 28 46 21 31 61 9 86 94 91 22 45 38 67 67 0 64 72 19 94 30 69 34
96 96 66 50 47 81 48 42 73 70 84 96 5 56 91 16 28 98 47 5 34 68 18 67 58 62 94 12 8 14 84 6 56 92 42 14 58 94 38 84 68 77 11 69 53 18 94 1 91 17 93 12 90 6 97 67 18 59 87 47 49 81 36 51 80 48 99 58 61 28 40 94 50 93 34 60 75 25 31 74 51 9 17 76 73 48 64 66 64 18 11 75 82 0 49 35 98 61 92 18
94 61 72 1 66 34 85 70 16 30 8 4 60 35 3 2 20 90 66 53 86 9 41 21 9 12 24 85 8 51 75 43 8 35 52 9 33 18 4 57 32 64 86 90 93 1 27 71 38 69 10 87 20 29 35 41 29 5 83 39 32 40 55 43 52 20 32 42 50 13 85 79 56 70 23 97 54 53 76 94 6 27 48 84 39 15 31 72 49 68 30 43 93 80 0 32 12 50 48 94
90 34 8 98 34 46 87 97 21 47 5 9 33 80 70 95 89 68 6 7 36 39 65 21 49 58 3 2 55 10 80 94 86 99 56 52 16 30 41 54 19 70 42 63 69 32 21 48 28 55 23 27 23 25 58 55 29 26 54 93 10 73 58 22 45 33 70 1 46 52 67 78 17 43 20 31 12 98 38 6 37 45 55 8 23 78 26 33 64 22 64 31 56 81 4 0 50 72 36 77
31 79 30 74 44 20 49 94 22 82 85 26 60 35 38 37 47 64 79 99 18 27 5 48 12 41 68 59 54 75 99 9 41 35 57 92 73 64 83 15 42 42 65 18 31 61 93 34 84 4 55 19 85 91 19 75 63 22 84 63 79 45 94 83 93 22 13 18 17 99 63 76 70 58 84 87 74 95 30 94 51 7 44 23 78 31 20 57 23 7 94 33 20 77 91 21 0 20 87 2
3 16 91 91 95 94 94 41 5 14 81 73 66 67 84 40 13 4 98 94 41 72 62 87 13 21 13 68 90 46 82 39 84 7 18 69 50 68 96 44 17 56 90 74 34 32 80 52 97 67 86 92 41 58 34 38 42 19 97 70 15 64 10 56 52 32 83 78 1 25 4 56 26 71 20 6 58 68 89 59 19 31 14 10 72 89 50 16 39 18 61 88 61 30 48 38 76 0 44 82
63 90 61 25 52 83 40 31 78 59 79 98 47 33 62 66 1 12 94 24 80 87 40 70 25 5 53 33 69 68 73 39 25 36 18 83 88 82 58 63 48 95 56 15 13 49 25 34 11 71 29 58 21 27 71 41 66 17 31 55 28 88 2 79 39 80 95 59 24 73 72 79 10 33 62 9 73 52 62 17 82 54 46 82 67 74 19 71 85 43 34 81 31 57 57 15 70 3 0 45
83 79 52 33 22 46 49 27 24 60 63 41 91 44 26 6 55 15 12 42 18 17 63 57 68 16 28 56 11 33 99 7 25 81 16 72 31 23 7 32 7 54 56 76 41 19 32 32 73 86 3 60 5 66 49 95 55 87 60 71 71 94 62 6 25 6 37 62 35 27 49 11 66 40 94 43 49 10 64 14 14 91 61 1 13 94 72 1 34 41 55 82 56 37 92 84 30 88 85 0
0 8 39 65 36 45 46 63 16 7 47 63 46 23 79 52 87 59 41 49 58 66 56 32 79 39 95 60 82 97 98 61 99 26 16 31 70 35 33 37 30 60 6 48 35 64 76 15 51 45 29 93 84 10 53 53 62 10 39 9 17 13 30 29 62 13 34 73 94 97 97 46 22 12 15 44 20 34 55 86 48 45 31 94 99 98 95 21 85 95 75 47 83 75 39 52 15 28 65 69
94 0 97 32 19 12 19 96 6 49 84 68 97 60 14 37 96 44 50 82 18 6 54 1 89 63 16 13 57 20 23 95 76 95 80 90 44 25 34 7 95 32 9 24 27 76 71 49 12 29 34 58 56 26 26 60 73 67 65 51 35 1 67 10 10 78 35 72 42 66 18 92 91 46 7 85 88 40 1 62 52 97 50 2 44 31 1 67 63 35 77 79 40 32 91 51 42 96 12 39
41 95 0 48 26 80 74 85 65 27 44 78 75 43 7 19 15 74 57 34 96 9 95 46 58 87 61 36 63 94 55 44 81 36 43 16 35 59 93 85 94 66 8 78 26 24 58 69 29 53 18 8 56 49 68 26 96 19 57 37 77 48 81 58 33 26 71 94 72 83 18 92 91 80 98 58 45 91 7 32 92 84 12 6 69 62 25 44 96 55 31 39 60 50 55 53 59 78 74 15
44 46 30 0 52 74 79 88 57 82 4 55 98 55 98 43 37 19 32 53 52 69 32 88 59 27 11 23 23 67 32 32 10 66 7 63 66 87 53 13 20 5 46 88 18 1 65 20 44 34 24 92 25 78 69 9 67 25 87 74 84 62 16 67 34 70 23 28 46 35 51 99 60 66 92 62 55 11 94 90 34 21 97 77 97 62 41 72 38 81 38 25 83 67 35 77 4 17 98 54
30 35 66 83 0 38 69 16 52 64 70 45 72 57 42 96 28 46 86 42 32 53 58 21 67 78 32 49 10 57 2 21 99 6 39 37 81 18 95 85 48 48 45 77 80 90 27 82 58 81 42 67 61 96 25 26 51 3 53 61 18 44 33 88 7 34 69 63 28 85 91 66 13 65 55 8 1 29 76 9 94 20 23 30 78 35 95 38 97 25 42 15 43 59 15 25 85 6 4 1
27 24 58 7 94 0 30 90 38 79 93 48 77 44 39 54 86 24 18 6 25 99 42 66 31 70 76 27 22 98 13 9 58 41 12 59 24 4 36 67 26 32 64 39 14 88 93 71 31 90 10 36 84 36 59 59 14 39 35 11 11 22 19 99 78 40 8 32 92 86 10 48 1 98 6 2 3 33 75 60 60 8 11 25 83 6 19 35 96 31 17 91 26 68 45 96 35 73 78 66
93 17 57 72 3 3 0 36 74 58 39 89 38 24 48 53 24 47 28 51 58 92 59 94 52 8 57 76 16 66 23 37 13 11 92 42 62 97 13 34 1 82 61 17 14 25 38 68 8 84 76 45 24 99 81 22 99 73 12 89 99 82 25 25 86 48 36 57 20 53 52 53 1 13 51 44 1 6 26 95 6 11 30 79 22 61 27 16 98 9 38 88 77 44 35 70 18 32 87 73
63 58 29 91 87 59 33 0 91 60 90 78 81 95 1 81 78 29 46 94 24 3 5 98 2 96 72 86 48 81 30 9 96 1 90 86 52 18 65 61 63 74 51 76 9 80 68 10 12 14 41 3 34 45 63 4 39 97 81 19 55 41 87 11 25 19 25 22 43 61 44 96 70 27 27 77 4 5 66 9 84 37 67 15 96 87 34 82 37 20 12 51 75 11 76 59 56 40 8 82
50 97 90 11 18 97 73 28 0 68 88 42 3 46 64 50 84 58 48 46 20 35 86 10 65 65 65 94 72 95 24 81 44 48 55 58 10 92 89 66 52 44 92 7 95 88 87 85 77 49 84 93 87 43 87 2 41 60 72 68 89 85 67 24 31 25 66 86 19 88 93 48 86 68 35 89 25 97 71 80 54 32 50 21 45 44 70 77 94 73 81 37 81 38 25 34 64 95 58 90
97 23 89 73 43 50 87 18 61 0 7 60 53 92 63 86 99 8 31 18 53 92 30 40 51 28 98 56 68 24 39 22 15 95 79 93 63 86 78 46 67 28 78 86 6 18 35 87 17 43 25 18 20 64 60 54 25 23 64 18 7 6 14 23 71 56 51 88 28 75 87 90 46 33 72 79 33 3 51 50 8 8 92 87 1 85 92 45 41 18 11 3 35 99 79 35 92 17 10 98
46 24 98 91 69 34 26 81 9 46 0 11 68 15 65 69 85 52 20 22 50 71 13 84 56 12 78 6 91 50 64 74 68 98 80 46 91 3 29 79 16 57 33 90 41 72 2 85 42 43 92 48 21 6 84 26 24 86 56 21 82 47 90 47 83 48 73 78 38 96 16 81 89 20 43 40 26 40 18 89 63 28 1 50 89 54 21 1 12 8 89 41 6 22 2 61 64 88 81 14
82 71 4 66 90 77 49 33 11 96 90 0 8 2 38 67 98 92 74 71 3 34 81 97 20 12 3 93 4 1 35 19 37 39 1 9 49 5 29 46 92 83 23 79 33 31 4 87 24 65 53 82 26 70 96 9 43 72 74 30 21 40 25 57 31 17 9 79 28 4 72 96 81 36 7 26 71 58 93 16 53 24 80 53 1 10 86 69 34 18 90 46 67 41 72 63 59 85 48 16
89 84 32 47 41 56 68 74 63 14 31 29 0 54 41 68 46 78 30 17 56 27 89 72 80 3 85 26 85 59 88 1 21 57 46 1 47 51 43 19 78 62 65 92 36 80 17 29 63 3 34 93 53 11 54 90 90 13 78 55 77 81 25 94 81 46 12 27 58 21 30 52 81 18 34 14 54 95 74 87 34 87 41 73 98 10 97 16 7 94 48 84 73 46 20 30 58 8 13 85
44 31 76 67 41 15 3 29 57 85 46 41 53 0 62 77 31 13 38 65 84 41 88 74 4 4 53 97 83 16 70 22 59 27 76 69 69 78 12 82 19 38 98 63 44 53 69 15 34 58 89 74 8 43 83 5 71 81 19 98 98 29 47 37 77 5 16 49 61 84 48 55 90 96 78 23 76 80 10 91 51 25 22 60 43 61 14 64 21 58 73 70 41 52 4 61 50 93 8 34
11 96 67 72 32 50 63 67 4 12 86 77 82 79 0 24 44 88 3 6 11 15 58 76 77 83 26 27 18 73 51 40 10 90 43 28 27 2 39 88 63 80 11 19 50 47 53 58 3 44 92 20 23 81 85 44 55 76 20 8 84 35 12 27 27 81 22 95 61 3 53 72 95 93 58 5 62 48 53 56 75 8 17 7 34 50 39 72 56 35 26 54 94 21 52 60 5 16 41 61
5 10 47 62 58 96 85 27 45 8 79 81 72 82 59 0 10 6 94 99 80 56 33 2 33 68 59 47 28 27 40 49 48 75 13 35 22 45 5 56 27 27 16 66 24 39 61 11 52 76 31 12 57 30 17 24 35 66 63 70 51 56 1 83 43 82 4 76 34 25 50 8 30 28 78 64 92 84 46 75 28 56 34 55 26 70 4 4 77 38 85 38 37 87 56 25 33 36 19 63
17 15 26 26 96 27 5 52 21 20 72 58 17 23 72 31 0 65 31 62 40 38 62 13 37 7 27 7 3 1 21 87 5 27 36 35 14 36 81 72 94 78 69 52 52 78 75 94 68 93 64 93 42 60 9 64 21 44 71 94 28 79 13 54 84 7 71 60 28 85 49 24 20 84 86 31 12 91 78 68 54 92 96 21 44 49 26 29 17 21 52 66 52 2 6 29 53 90 80 20
66 20 3 16 22 54 41 95 42 23 31 97 88 43 25 38 45 0 56 82 61 24 57 84 95 51 78 43 26 58 62 35 58 40 37 96 50 63 93 58 74 20 80 8 12 89 60 40 29 91 55 20 15 59 46 33 40 27 83 5 70 86 86 99 26 88 69 29 18 37 10 10 51 39 97 99 22 86 5 87 97 6 34 3 44 3 12 42 55 99 69 33 48 57 39 20 84 34 24 57
12 39 58 4 90 96 61 93 11 29 88 29 88 78 99 98 29 98 0 27 15 29 69 35 88 25 12 8 32 34 6 71 81 11 49 9 98 69 92 17 38 24 76 24 10 2 21 68 29 43 87 81 22 94 84 32 55 3 77 70 16 47 76 4 75 45 37 48 16 42 45 65 8 14 26 81 21 98 31 38 13 13 95 82 78 6 64 29 8 21 21 39 32 36 94 14 64 76 83 4
89 71 5 6 89 50 89 45 76 67 60 84 98 39 63 45 75 3 18 0 58 60 10 98 24 43 27 82 7 97 75 74 30 86 97 51 3 67 5 43 21 88 28 46 63 53 70 2 80 70 93 22 24 16 15 18 86 3 62 32 84 30 13 17 55 59 5 63 85 87 15 26 45 33 26 39 81 83 99 38 42 14 8 53 11 47 59 31 51 45 71 78 4 28 14 64 17 40 40 19
28 13 1 54 20 60 37 71 57 97 72 74 55 39 3 61 95 98 56 77 0 41 7 96 41 61 53 57 52 41 2 45 28 50 41 55 82 68 45 18 94 17 35 74 10 6 90 81 44 27 55 87 41 17 40 93 98 50 83 3 40 17 83 49 58 77 8 82 21 5 71 79 30 56 93 98 15 45 75 48 50 66 34 29 70 51 77 78 16 80 41 32 32 44 20 19 80 57 58 5
28 38 76 80 52 3 60 80 8 37 31 39 56 49 57 28 44 80 70 40 96 0 63 75 12 65 73 62 31 34 18 17 55 50 59 82 80 81 85 61 73 12 25 61 5 28 8 39 11 46 33 61 8 7 11 40 1 46 95 85 77 2 26 50 59 96 51 5 2 17 92 73 38 49 93 80 60 40 46 65 67 62 43 77 47 43 46 24 6 37 73 21 50 88 53 65 73 74 84 17
63 62 13 48 75 21 78 20 16 47 7 47 48 47 81 77 44 50 39 33 47 53 0 91 84 21 25 88 45 1 99 62 65 72 50 10 51 63 28 51 40 58 38 77 87 94 58 95 89 25 35 69 67 80 33 90 8 10 92 58 39 46 44 53 5 36 91 86 23 29 41 62 76 80 84 92 45 44 89 91 42 34 40 11 14 41 89 81 96 48 99 41 93 12 88 74 92 17 41 21
5 14 37 52 16 15 35 74 16 63 39 94 94 96 2 28 68 35 35 56 19 25 90 0 98 59 70 88 75 55 9 6 41 81 66 34 81 2 6 13 41 22 75 47 86 9 57 57 62 34 79 28 82 11 89 99 2 39 80 48 54 21 43 59 63 35 16 34 31 40 97 3 87 78 57 35 54 56 73 36 87 22 10 13 99 60 8 45 27 74 59 39 80 45 62 49 38 82 62 25
57 90 82 65 1 80 39 13 68 98 10 64 25 58 98 12 39 67 66 86 55 7 20 23 0 8 52 90 77 71 19 37 27 57 70 89 76 42 51 66 3 28 61 81 10 80 17 48 71 33 34 38 57 64 36 74 7 30 36 72 78 28 13 90 36 78 73 47 61 59 1 45 70 63 79 84 11 77 61 73 80 87 45 71 88 24 6 78 45 63 25 79 91 3 99 95 90 55 13 31
85 61 97 19 55 54 67 14 7 20 21 2 62 39 26 59 4 76 69 38 60 94 98 76 13 0 92 52 54 86 73 27 55 35 56 35 73 31 80 97 78 72 20 9 98 98 51 17 35 35 84 70 23 83 82 60 54 71 83 92 64 29 39 92 82 94 72 21 7 5 39 5 35 90 70 7 35 69 83 51 20 22 5 50 1 98 15 92 65 9 83 74 32 69 45 98 27 83 87 1
5 70 68 85 58 93 92 52 72 40 96 99 66 44 9 59 23 55 26 2 87 28 99 35 68 49 0 70 69 6 35 97 1 39 5 24 51 27 63 61 36 46 41 70 94 93 59 8 66 70 71 99 3 6 39 34 28 60 17 28 67 89 61 71 50 22 41 66 48 89 8 73 67 58 31 41 96 49 83 34 74 46 60 41 82 4 56 7 81 20 73 92 84 33 68 58 60 43 54 99
65 78 59 94 51 67 34 57 1 21 78 8 51 41 69 69 80 56 13 97 82 43 20 25 74 72 24 0 25 70 74 26 74 16 86 60 80 53 21 94 57 63 54 22 54 1 87 15 53 38 55 43 41 58 68 4 51 3 98 82 49 85 15 40 6 98 81 20 54 43 45 29 86 75 53 76 75 60 57 22 90 13 25 97 39 63 55 15 40 48 52 47 7 68 3 3 8 57 42 57
98 51 58 52 43 46 5 44 58 10 41 66 19 95 33 78 88 28 56 76 16 59 87 15 66 52 26 60 0 36 22 66 87 23 31 6 69 82 36 64 46 30 31 54 80 70 32 71 31 8 51 57 50 64 32 24 17 74 8 28 33 85 24 18 61 35 25 98 93 11 51 64 50 44 67 16 63 35 33 16 70 67 53 85 75 54 36 76 49 86 50 1 12 22 94 72 65 54 18 22
87 87 17 57 84 80 94 8 26 37 9 97 11 29 91 97 75 72 91 6 79 60 20 40 62 49 43 96 77 0 69 48 2 44 5 33 67 62 46 94 50 42 91 17 50 48 70 61 63 36 9 34 65 66 44 87 1 57 3 91 56 73 95 58 65 42 78 97 98 19 66 99 34 26 60 62 9 99 7 28 12 35 54 92 95 86 82 44 26 87 90 13 28 44 83 69 60 4 49 98
16 88 48 31 86 48 14 39 24 19 60 72 74 54 80 8 53 66 35 79 48 58 10 24 71 35 7 19 99 91 0 21 31 6 59 84 54 92 18 45 58 28 29 95 16 28 97 84 2 71 8 17 63 49 18 26 39 99 28 47 31 88 63 29 63 37 31 91 50 37 17 69 86 46 23 88 19 8 92 1 81 25 65 43 65 68 17 16 9 70 12 61 3 84 29 14 67 11 24 31
12 39 34 89 4 35 10 28 4 18 3 83 72 43 1 77 41 84 37 65 55 29 14 41 31 4 87 51 49 82 38 0 41 87 74 89 61 31 55 56 71 50 85 96 19 25 68 5 53 53 50 69 21 21 7 5 47 21 34 49 2 16 85 56 48 62 44 26 18 84 48 7 70 93 83 64 9 49 48 26 43 74 32 52 71 88 77 50 98 49 44 75 1 54 57 68 25 44 25 98
51 33 87 57 24 70 96 93 7 54 51 92 11 32 98 7 66 60 62 46 13 81 82 37 10 20 71 65 43 71 95 35 0 27 96 75 6 83 54 49 10 26 56 96 15 7 83 12 90 16 85 5 32 92 64 41 66 91 47 27 75 2 36 96 30 99 83 48 19 16 63 14 38 22 21 83 25 81 98 76 36 9 75 81 46 7 68 78 80 6 65 26 68 52 39 29 27 99 87 77
10 23 18 20 34 93 98 36 79 47 15 78 76 16 64 83 98 11 42 9 39 63 64 91 30 45 35 34 13 70 87 11 8 0 63 42 24 31 75 46 23 29 70 50 74 70 11 92 85 96 28 27 87 21 40 63 76 84 87 77 49 29 87 40 57 65 85 4 7 32 81 15 29 33 70 51 15 94 97 14 96 70 26 35 67 89 40 54 31 84 46 85 12 79 30 26 31 11 40 84
85 37 7 94 13 19 96 98 96 11 15 23 78 58 30 49 37 39 32 44 77 14 48 89 81 69 51 24 57 91 77 47 15 33 0 22 75 6 21 13 4 17 99 79 32 73 73 65 57 14 24 1 35 69 56 94 64 79 2 68 36 82 65 61 46 64 91 68 87 37 24 7 77 89 33 47 79 7 12 58 55 11 88 23 65 52 46 52 38 98 77 5 83 37 50 78 80 73 59 18
22 31 5 95 23 55 38 68 23 56 70 13 11 95 54 22 30 12 42 44 82 49 78 26 4 84 78 30 74 34 44 18 99 89 75 0 27 18 71 12 55 4 48 3 73 83 52 50 91 1 52 82 92 70 89 39 88 40 30 80 50 20 88 24 14 65 25 29 50 53 45 12 47 99 75 30 11 95 32 22 54 92 22 32 81 8 75 16 15 65 71 51 57 62 6 55 1 59 96 27
12 20 59 49 73 89 86 94 14 20 3 96 88 76 54 27 23 43 7 64 70 51 34 93 15 7 88 99 62 8 38 66 13 80 62 44 0 30 54 34 28 23 21 28 79 13 89 68 96 67 81 20 31 23 53 66 72 7 24 56 52 72 94 70 70 37 14 28 97 10 30 39 35 45 22 89 3 85 67 48 20 24 70 1 89 25 65 4 85 20 74 21 65 51 55 59 28 82 39 86
26 40 62 8 9 2 24 4 58 75 63 94 42 28 60 71 8 33 76 17 25 90 65 74 58 73 58 27 60 46 88 27 33 32 63 94 43 0 87 87 20 12 50 83 33 12 68 12 1 47 80 61 41 61 22 69 58 55 27 67 27 58 56 65 13 81 6 79 59 82 78 46 9 4 50 21 19 28 59 36 99 46 20 66 68 11 60 70 25 34 33 13 68 99 10 1 60 67 17 66
40 97 84 51 11 94 49 56 86 11 28 19 56 18 34 11 60 94 94 24 3 94 23 76 75 81 41 11 89 76 69 74 46 59 37 72 94 24 0 72 85 37 78 93 18 98 6 83 28 85 49 23 89 29 6 6 49 96 42 80 41 44 8 42 66 58 37 31 23 77 83 31 85 25 97 34 40 60 80 47 81 95 45 78 38 1 35 11 66 6 14 67 57 19 18 99 95 72 98 87
37 72 7 23 19 39 50 77 14 54 73 45 86 50 1 66 75 85 35 88 85 68 33 46 65 32 71 28 44 17 79 3 84 26 62 54 93 88 45 0 30 54 89 26 76 75 89 91 6 32 56 15 96 99 53 25 8 88 49 64 73 39 48 27 8 29 91 81 87 41 30 13 13 6 32 95 9 75 81 4 79 30 31 8 42 7 8 50 20 45 86 26 96 6 90 42 40 8 14 33
30 21 54 25 21 37 54 78 84 67 70 32 4 47 43 69 77 65 27 88 87 42 80 69 80 77 46 68 19 57 21 11 93 82 72 94 19 49 42 72 0 2 83 57 62 11 3 67 58 66 27 2 50 51 7 50 32 85 79 99 94 96 95 82 92 48 94 9 72 82 35 88 35 8 9 43 87 65 41 27 61 7 55 8 98 70 24 14 46 10 47 31 33 93 6 98 58 93 47 87
66 18 70 95 83 45 87 82 10 70 32 68 40 16 28 46 36 37 80 53 15 13 39 3 3 89 47 62 14 14 38 92 96 81 92 12 12 3 91 50 64 0 1 27 25 66 73 36 48 58 88 8 69 30 1 60 81 15 70 42 60 8 16 9 55 77 7 44 72 46 31 86 61 78 14 92 4 97 90 93 81 10 37 45 77 91 65 10 44 46 86 5 70 40 73 92 40 40 67 26
12 53 39 41 19 36 41 86 89 41 13 2 92 35 76 89 91 70 25 42 98 17 65 78 89 58 47 24 3 4 14 96 39 76 97 36 38 55 50 75 10 8 0 37 91 74 1 37 20 60 87 65 55 75 92 25 18 49 42 4 43 30 74 10 38 31 77 54 81 73 19 17 19 33 61 90 99 94 39 30 28 56 18 69 13 86 27 23 75 30 66 57 77 67 47 49 4 84 13 42
85 84 9 34 64 35 24 40 69 47 56 10 13 69 44 3 26 21 44 66 39 18 20 13 73 19 90 53 22 50 84 22 37 32 39 41 63 16 38 17 40 56 90 0 53 48 66 49 76 13 14 87 13 3 47 42 57 6 86 27 36 19 31 38 80 87 34 63 31 46 7 45 27 97 94 59 55 11 37 25 67 5 52 89 69 71 37 87 61 1 63 93 30 11 95 22 60 25 5 61
4 40 45 68 98 94 64 79 12 17 55 52 26 22 68 25 52 63 88 48 61 87 58 96 74 44 74 7 65 72 20 93 96 18 13 37 75 44 49 24 23 13 16 47 0 69 92 98 67 60 71 46 1 89 61 6 27 92 17 71 96 56 76 75 16 9 73 87 43 68 23 70 96 92 40 79 23 57 42 37 20 57 2 29 90 62 1 91 29 24 97 94 37 16 2 32 85 42 94 36
62 48 45 12 15 23 58 3 17 63 69 69 38 58 46 5 95 51 97 52 97 35 62 17 53 40 27 93 92 23 44 54 32 91 27 53 70 23 25 85 58 50 48 61 49 0 12 80 88 17 69 60 99 72 21 82 25 25 81 72 15 9 36 47 64 4 17 52 98 98 60 27 53 36 54 76 8 74 44 44 95 88 41 56 25 84 25 13 25 69 51 17 31 28 82 36 27 63 59 12
24 29 44 61 2 18 21 65 9 73 44 1 30 17 78 28 69 29 78 83 68 67 99 8 46 92 39 56 55 30 75 16 15 92 57 18 69 1 25 61 9 19 48 94 63 55 0 41 23 28 84 33 94 74 24 86 29 74 37 50 65 51 92 11 83 8 69 29 81 28 36 25 92 90 52 26 33 12 86 72 96 20 81 54 70 56 35 80 63 10 40 83 37 57 87 81 14 43 51 41
70 71 82 10 3 71 39 30 25 21 4 89 28 60 26 56 56 29 79 55 87 89 89 71 57 63 18 6 33 75 45 50 17 77 70 15 53 31 88 13 57 79 56 76 76 17 35 0 82 1 14 54 48 33 27 95 23 62 14 22 85 21 91 90 83 58 46 93 40 41 97 10 71 18 57 53 94 81 4 51 43 54 93 97 35 99 89 5 56 57 98 1 15 92 27 13 4 13 95 2
38 63 43 41 33 58 37 20 5 99 1 9 77 42 30 42 32 82 61 12 83 30 36 53 78 54 1 73 51 14 96 5 63 48 50 57 81 9 46 45 21 67 40 7 16 37 92 76 0 83 11 88 84 47 14 73 41 60 11 41 24 15 65 41 36 15 71 88 69 40 88 82 65 92 41 43 85 95 63 5 9 16 39 27 53 96 59 44 48 80 3 62 78 21 93 74 12 14 96 73
51 21 82 3 32 15 42 72 24 36 76 13 12 62 81 94 53 32 14 40 84 32 7 73 27 56 58 90 80 85 60 98 42 68 44 91 16 39 38 81 20 63 60 35 92 85 87 53 91 0 72 66 54 66 45 11 33 25 92 75 54 51 66 50 80 27 73 40 40 58 68 69 79 3 38 75 62 75 77 10 52 8 79 4 81 86 60 80 71 8 8 54 28 74 3 23 7 62 17 25
69 52 20 11 91 59 91 20 67 60 39 21 84 72 46 75 92 79 56 22 24 1 32 12 9 73 98 86 45 88 9 35 55 40 31 34 19 51 16 76 23 37 6 42 91 12 85 41 98 7 0 78 43 47 84 94 79 16 40 90 4 39 38 32 50 71 90 24 50 43 58 6 75 79 93 53 51 47 9 7 22 37 45 19 13 9 31 4 71 20 23 37 15 73 47 90 36 85 5 24
33 66 92 2 65 10 11 40 98 69 17 60 2 87 33 96 41 12 79 53 8 90 23 93 93 25 93 10 82 57 19 37 23 17 14 53 41 59 73 66 72 6 48 55 90 74 49 49 50 57 31 0 76 67 34 4 36 1 9 66 44 72 13 95 10 74 61 16 59 65 58 35 52 61 68 39 30 29 76 14 49 17 86 39 34 48 31 15 32 16 91 48 51 1 50 52 77 40 63 15
57 84 33 25 63 73 75 27 88 44 72 88 71 66 61 60 20 61 16 91 39 54 39 20 72 23 17 47 13 98 57 6 58 71 2 21 84 49 77 12 70 87 37 38 95 63 25 70 18 5 72 87 0 76 46 21 69 22 82 95 69 17 24 21 69 71 46 53 24 60 82 49 49 50 60 49 65 2 50 17 64 80 78 10 22 49 44 69 64 42 67 24 12 37 32 62 80 75 68 59
10 55 16 45 55 10 7 48 26 44 90 28 86 57 99 3 84 96 24 81 83 20 75 80 98 10 90 13 28 76 31 42 2 15 37 13 66 22 20 33 36 69 20 28 30 16 9 31 64 80 80 58 45 0 7 38 30 13 35 51 28 36 89 26 49 27 16 4 73 79 1 32 1 90 95 39 81 91 70 62 37 67 2 37 71 6 86 34 23 41 4 41 37 70 52 76 36 7 83 33
77 9 26 13 68 58 42 65 68 83 19 4 13 45 5 16 98 43 31 16 68 8 5 28 46 47 59 63 89 1 91 54 41 74 90 36 84 49 89 62 94 70 17 4 59 16 22 22 95 6 28 70 39 28 0 45 58 43 79 40 21 55 75 52 52 73 74 95 24 69 44 34 77 55 74 85 46 34 3 23 13 89 37 2 84 69 23 47 38 49 38 72 93 9 58 39 36 69 5 21
87 31 81 8 33 84 17 55 2 53 24 81 76 56 19 63 10 59 90 39 10 22 6 90 41 65 42 81 16 42 74 9 75 57 53 15 31 94 57 48 81 13 53 29 24 10 23 84 65 19 3 36 36 64 84 0 85 19 87 3 18 72 98 83 10 55 30 97 99 4 53 80 81 24 59 9 30 14 78 78 38 13 13 88 22 75 59 55 51 73 36 29 87 81 43 6 75 51 18 82
36 90 18 81 65 78 35 63 78 63 64 51 7 46 93 75 19 66 90 76 94 33 45 6 43 34 59 30 84 54 37 26 14 20 61 68 33 47 88 55 57 36 21 3 97 6 76 62 50 38 6 82 79 15 76 49 0 89 64 6 44 45 87 92 49 16 71 6 60 99 48 48 4 6 59 3 62 89 67 6 27 54 4 64 31 84 33 52 62 78 70 43 55 19 92 82 7 37 61 98
47 94 80 11 90 86 45 38 82 37 88 88 67 46 87 88 39 33 74 81 53 1 26 13 6 5 34 43 98 99 27 64 65 93 4 12 8 55 2 84 37 70 5 40 85 43 81 86 58 12 68 39 47 71 37 58 66 0 24 52 17 77 80 30 92 82 34 73 64 97 63 68 24 84 5 51 27 49 20 88 32 45 52 2 40 59 88 92 31 32 6 98 64 4 97 63 50 22 58 24
23 52 74 14 82 54 63 72 65 26 28 95 34 79 39 20 28 22 64 95 63 13 5 5 3 35 12 72 95 44 42 78 55 10 52 77 97 32 53 30 66 1 53 80 15 17 15 27 94 89 45 34 84 66 27 12 77 62 0 28 61 61 7 38 7 33 62 39 86 44 47 57 24 35 96 71 23 48 44 32 62 24 59 31 5 65 48 32 48 17 72 3 19 85 76 40 74 97 33 5
21 88 1 91 85 11 50 42 63 27 10 55 41 63 73 73 50 6 77 83 91 70 44 50 50 93 78 55 81 56 37 47 20 4 5 24 88 41 85 2 82 60 61 14 20 8 23 65 17 11 72 46 60 92 88 34 93 38 82 0 6 67 19 89 46 56 59 46 96 1 82 23 21 50 58 75 75 20 35 54 16 93 23 85 24 68 52 43 59 22 34 80 19 66 10 14 65 22 18 3
12 35 69 81 8 27 32 59 77 86 51 23 48 92 83 45 48 36 37 24 56 52 3 73 4 5 97 19 13 42 65 59 15 63 7 95 67 7 77 35 36 75 39 40 40 78 37 54 13 80 39 76 73 99 54 85 99 18 34 73 0 21 52 31 34 78 9 85 48 5 28 88 80 79 28 56 73 55 31 57 43 71 68 77 89 28 97 39 84 8 93 13 51 35 20 86 81 21 9 99
95 71 60 43 12 8 51 71 88 38 46 68 11 3 42 77 9 13 88 61 37 50 52 51 57 48 8 92 23 68 81 3 18 15 52 14 84 48 7 68 3 45 38 22 58 61 83 75 53 40 47 63 67 26 33 91 13 52 72 77 81 0 56 72 1 97 54 62 54 31 85 1 11 88 22 4 72 84 76 50 21 31 73 60 78 84 36 63 69 13 27 53 54 88 35 78 29 72 18 93
12 82 12 48 67 89 21 1 66 17 10 22 37 76 95 17 65 19 27 6 3 88 23 92 65 6 37 83 40 72 99 4 51 74 84 79 72 74 68 66 46 17 86 60 82 90 38 7 23 45 79 18 19 70 98 56 9 2 3 81 33 5 0 63 75 3 34 80 96 87 18 25 67 51 61 61 51 63 3 97 34 61 14 90 43 57 24 50 53 9 70 27 57 54 29 38 43 18 54 53
98 27 78 73 82 90 44 55 89 99 11 51 58 42 69 6 19 84 51 68 60 51 23 84 12 62 90 45 61 20 78 31 74 38 96 59 47 26 22 61 74 75 27 33 42 92 51 22 30 95 2 21 19 29 25 18 22 10 26 54 70 71 84 0 82 10 28 60 4 62 30 66 78 94 33 88 18 95 82 90 3 40 60 92 50 22 95 22 58 80 29 75 19 8 64 25 26 2 11 40
96 11 79 43 13 68 8 16 49 5 62 46 91 5 14 21 42 87 87 44 13 32 93 40 72 14 80 44 85 8 1 26 46 89 99 38 6 52 29 39 28 99 64 11 25 55 24 16 30 90 18 39 28 15 48 20 45 67 63 70 70 83 75 93 0 51 6 56 65 98 88 92 91 91 31 52 23 93 72 43 33 44 65 65 25 28 65 5 65 21 51 95 57 67 60 18 9 1 10 54
98 41 67 51 86 49 36 67 72 93 85 95 46 98 60 5 19 3 93 93 72 80 45 58 81 61 92 32 57 54 8 12 32 50 17 85 70 18 73 34 43 43 75 22 41 97 92 24 42 72 11 73 12 13 34 74 22 11 87 55 96 79 54 8 1 0 66 86 88 77 25 38 17 57 11 20 82 41 10 17 12 64 59 3 18 24 98 78 71 81 23 30 94 73 21 5 69 20 4 76
71 78 43 19 28 52 97 5 68 84 50 93 65 50 95 34 23 64 24 41 14 2 6 97 48 46 63 1 69 18 96 6 31 74 81 10 38 98 57 38 92 81 35 64 58 78 21 64 80 98 56 7 71 45 72 33 33 94 85 19 64 37 85 32 4 34 0 89 29 64 65 72 38 26 37 54 34 31 8 99 84 32 7 88 80 29 87 18 5 55 22 25 69 63 1 87 69 82 3 83
18 76 96 94 54 77 82 33 82 7 68 91 72 50 5 84 30 36 10 51 41 5 27 38 6 55 91 74 35 90 97 89 5 8 10 75 45 73 37 83 80 47 45 63 85 13 18 92 91 5 88 66 86 48 85 1 18 90 54 18 7 88 21 7 67 97 46 0 68 54 21 64 75 85 23 19 49 18 66 26 8 63 53 33 27 86 7 87 7 71 97 78 40 18 30 62 5 76 66 69
30 37 45 61 69 79 27 30 53 53 79 15 56 64 62 46 73 42 97 25 66 91 37 89 81 86 90 45 40 64 58 54 94 75 2 25 90 5 40 91 25 29 89 84 29 60 5 13 28 46 9 63 76 78 88 39 28 69 62 14 22 44 84 6 11 24 31 24 0 4 49 75 34 95 67 79 86 27 6 59 99 41 10 30 14 58 37 69 81 59 5 54 30 89 12 21 54 37 78 38
58 65 88 91 87 69 80 26 65 19 25 43 19 6 26 90 43 90 48 79 56 17 64 23 75 49 54 38 11 91 6 14 17 42 51 4 31 60 14 27 49 44 88 84 60 66 12 66 94 72 79 37 28 43 91 57 45 3 4 91 32 52 72 73 49 91 24 3 58 0 28 70 80 88 19 12 86 95 56 84 65 28 48 44 90 83 80 50 87 41 82 19 88 96 83 56 92 54 23 80
52 25 41 13 35 82 39 36 76 20 68 45 71 29 93 48 55 32 51 50 17 20 53 36 7 60 76 68 73 28 56 76 38 28 20 47 66 3 18 89 23 19 41 47 84 1 59 76 17 52 91 70 51 78 18 60 69 46 84 63 32 34 33 61 84 69 70 77 58 65 0 52 82 50 87 11 63 39 58 25 52 87 22 74 6 1 51 34 12 32 95 64 3 28 87 41 48 8 85 45
63 87 83 31 34 16 37 35 34 88 98 44 54 60 38 18 28 22 45 88 88 14 2 96 57 52 4 56 76 77 95 28 13 61 21 89 49 41 4 59 53 53 13 73 88 5 16 80 70 52 38 39 46 69 29 26 12 11 32 38 55 80 13 2 56 35 40 75 59 72 59 0 48 18 17 41 11 37 71 72 38 46 18 31 77 41 3 16 22 70 15 70 66 16 85 20 70 18 71 62
53 83 6 5 83 25 94 68 42 35 9 58 1 51 61 5 41 9 60 94 86 43 7 29 24 47 60 15 96 55 43 44 92 12 19 18 98 41 69 87 42 83 30 56 46 94 47 65 23 86 80 41 65 90 55 50 51 69 39 64 11 36 86 29 91 80 53 4 32 71 56 80 0 44 20 16 74 33 73 8 22 27 86 16 49 46 54 59 19 8 23 62 42 18 25 98 78 39 56 84
22 1 66 43 72 52 78 62 38 17 45 93 92 32 47 53 95 42 10 3 23 76 52 86 66 23 6 79 39 45 79 91 28 99 54 29 48 97 58 65 57 10 89 25 70 5 11 32 2 52 61 50 69 71 82 35 11 8 37 72 34 49 25 37 55 97 95 82 33 7 94 73 89 0 3 66 39 96 32 21 85 7 32 44 37 82 90 40 41 69 12 9 43 86 43 59 73 15 87 94
36 21 27 77 37 47 87 77 26 50 48 81 23 93 13 33 56 40 54 69 63 4 17 78 52 11 75 28 93 49 88 87 69 65 51 59 52 84 24 20 33 90 87 22 72 59 55 48 98 51 79 25 96 12 68 7 29 67 7 59 47 6 33 84 7 33 21 78 33 56 12 34 2 34 0 28 99 37 33 86 82 56 59 11 33 97 6 85 31 15 65 81 13 81 55 50 12 33 9 9
66 24 90 4 95 43 87 81 9 61 49 9 72 93 95 13 74 4 42 61 66 94 29 11 76 61 51 76 82 85 3 62 30 58 18 53 88 62 71 59 25 3 75 69 76 99 36 8 54 19 69 5 44 92 3 93 67 72 14 41 88 18 3 33 65 12 45 91 36 15 82 43 88 98 91 0 5 77 31 75 30 30 42 66 17 70 13 25 26 68 84 43 43 27 72 55 11 68 45 50
38 77 92 3 6 98 38 85 29 24 12 74 43 60 45 58 31 15 26 31 71 81 27 77 87 95 90 25 31 33 57 56 29 20 25 31 34 23 6 90 60 48 59 1 49 78 40 81 32 45 52 28 73 40 16 4 65 21 52 93 62 46 81 51 10 6 86 5 66 2 85 65 58 46 20 20 0 15 10 2 75 81 45 22 65 26 45 27 66 12 32 20 83 63 79 9 26 39 36 87
68 55 72 17 27 33 10 76 88 9 1 23 87 38 87 55 18 18 64 55 9 78 58 68 30 68 52 81 20 85 62 3 65 3 97 34 12 22 22 70 92 10 5 81 7 32 56 45 44 31 99 38 98 12 89 76 66 2 10 97 30 28 65 10 15 5 10 72 77 8 74 43 80 62 87 57 87 0 47 46 29 76 17 6 30 12 10 21 59 75 61 75 54 64 41 14 86 60 52 53
33 59 84 46 92 13 1 36 85 13 30 84 36 43 75 73 58 79 76 33 69 68 21 7 77 49 15 27 47 61 43 32 75 81 74 29 77 21 80 21 59 58 22 72 96 18 88 27 78 17 63 99 24 24 72 58 3 20 13 21 42 14 30 84 88 33 56 71 70 85 45 12 99 53 75 74 88 98 0 51 14 35 80 69 53 11 83 91 62 91 9 25 29 44 45 40 65 57 31 71
58 22 19 2 47 93 80 65 81 85 75 63 39 79 91 95 85 37 76 14 66 29 3 60 53 32 60 89 64 70 87 22 30 99 99 90 79 3 98 33 65 33 48 48 48 11 95 67 59 86 17 38 67 29 34 26 81 98 83 67 74 52 50 34 83 59 93 43 1 58 44 1 54 82 48 75 90 3 36 0 17 2 30 35 28 3 39 27 71 99 15 13 96 86 82 15 62 64 1 18
31 53 72 22 38 66 34 4 15 16 85 75 25 86 51 62 59 97 81 63 63 26 72 31 22 23 32 88 77 98 30 78 23 69 47 50 25 59 61 85 42 82 7 80 80 46 49 51 56 65 28 57 10 96 98 54 32 84 51 2 58 15 51 85 97 30 80 39 65 31 33 39 68 32 21 12 58 64 98 6 0 39 63 16 51 38 2 38 60 8 86 1 97 72 80 49 67 93 77 41
6 94 27 31 42 11 33 45 39 24 31 39 13 37 48 90 56 6 37 93 16 97 80 99 48 34 19 13 99 43 21 23 22 72 89 31 18 94 24 70 2 97 24 40 23 7 42 74 21 55 89 58 78 63 97 74 33 61 17 99 43 82 2 19 66 58 82 82 92 94 34 95 67 48 26 28 79 22 53 42 96 0 70 60 58 84 4 27 82 13 74 73 62 67 1 31 77 2 12 72
47 53 45 74 30 20 11 53 67 55 37 40 78 55 58 17 58 38 29 66 30 14 97 4 90 37 5 58 12 22 21 88 43 56 76 2 7 41 38 98 78 19 56 51 5 65 99 75 82 68 60 90 4 36 48 9 15 67 25 82 79 99 32 4 3 14 17 75 19 70 5 7 8 48 30 64 46 7 75 33 98 48 0 7 58 8 8 15 84 93 46 41 9 75 81 76 7 99 40 58
71 19 23 73 45 28 12 49 18 91 1 31 69 44 39 71 74 86 62 33 73 78 25 93 58 14 16 84 71 57 25 26 39 70 24 33 94 31 37 48 77 53 99 55 36 73 99 88 49 4 57 91 51 58 69 83 7 78 4 48 84 39 45 55 67 40 71 75 49 28 51 73 5 31 15 77 60 21 43 80 19 69 52 0 49 81 94 80 4 14 93 45 2 16 77 6 4 94 75 75
44 11 93 76 19 89 50 8 49 43 82 57 96 11 43 10 62 7 52 53 12 29 17 25 87 93 22 25 87 75 69 75 75 44 42 89 13 38 57 72 18 8 96 71 33 67 47 35 85 31 43 12 67 35 54 63 20 9 27 33 31 43 8 7 98 42 78 34 14 49 28 83 19 8 16 73 19 34 42 17 50 59 60 98 0 62 44 61 62 26 91 47 18 93 96 13 89 14 13 27
61 44 98 30 64 99 29 64 33 74 9 18 11 24 91 98 95 96 56 77 86 60 3 64 37 73 14 85 87 50 10 88 90 48 46 14 88 82 11 72 48 56 75 10 89 14 15 68 75 67 34 25 59 93 10 48 27 33 42 78 41 60 32 98 19 97 9 2 66 9 12 76 19 2 46 29 55 78 8 34 80 14 93 36 70 0 99 72 63 79 7 63 86 90 9 49 86 78 3 62
36 77 98 11 19 72 57 30 3 69 49 27 50 16 95 44 16 38 94 13 24 65 46 61 92 35 10 33 80 62 10 90 37 50 23 75 31 78 68 72 78 99 31 72 37 8 42 11 87 26 94 23 10 29 54 76 6 62 28 20 76 61 23 37 81 70 55 90 13 67 57 6 72 31 84 59 10 38 56 46 66 47 94 30 48 52 0 36 54 50 40 98 89 83 69 95 57 36 52 33
17 52 15 57 82 18 54 24 21 3 3 89 99 34 97 1 92 30 91 95 27 31 28 65 39 27 48 87 37 96 23 55 95 5 35 86 81 16 24 93 70 33 27 85 12 32 18 3 11 26 63 85 23 73 47 41 79 13 67 45 1 48 90 42 30 38 65 15 35 81 81 80 17 45 86 72 99 93 25 61 50 43 76 9 32 87 45 0 22 69 2 64 74 88 63 56 58 89 17 76
4 98 60 58 17 91 57 78 9 76 26 11 29 78 65 73 14 2 62 99 47 18 40 42 24 71 47 80 61 97 95 10 17 67 15 4 58 38 42 76 87 58 4 80 14 36 86 19 71 6 25 46 1 23 77 39 65 71 45 35 56 89 1 56 5 92 8 50 30 87 35 3 8 17 98 77 50 51 57 32 9 4 83 95 87 35 13 55 0 84 57 86 97 74 30 44 94 91 96 62
84 48 82 15 86 97 93 9 6 30 20 83 68 78 48 44 58 88 37 40 59 73 7 39 79 97 32 10 29 68 97 22 54 96 77 53 16 83 86 76 35 73 8 90 5 76 66 22 4 94 13 72 96 10 84 50 72 65 52 68 86 30 78 72 57 84 94 69 6 72 77 94 45 81 67 6 22 65 38 23 58 16 74 85 90 24 78 55 29 0 1 12 90 57 33 91 62 31 3 23
90 67 21 41 58 78 69 62 79 46 10 60 55 56 42 75 27 40 48 79 21 85 52 80 65 39 38 5 49 96 26 70 75 12 94 76 78 54 5 45 25 99 74 87 41 88 15 53 13 77 45 77 80 92 97 44 62 59 91 15 54 72 9 28 33 75 97 71 49 85 82 23 65 84 54 11 2 56 84 6 33 13 94 54 42 10 16 34 41 12 0 8 45 8 36 77 58 96 30 79
90 60 69 26 28 88 44 47 42 85 57 97 95 70 25 72 76 96 13 28 19 18 62 24 84 42 75 66 33 85 5 32 39 49 45 92 38 12 99 80 32 14 93 71 33 4 6 84 91 58 41 27 5 47 18 27 93 30 48 71 70 1 33 69 44 1 25 69 28 59 19 65 96 71 40 86 34 89 99 14 80 35 92 9 65 46 20 8 29 62 94 0 55 52 46 98 41 66 63 10
4 41 56 9 31 50 17 76 37 81 26 32 7 45 37 80 94 4 69 76 53 18 6 95 2 49 4 45 55 61 26 77 84 50 89 79 74 90 19 97 61 47 41 31 44 84 25 1 78 29 6 82 52 59 31 21 71 89 1 20 50 18 10 54 9 62 51 7 4 59 46 71 90 94 79 74 93 36 55 2 48 40 41 54 57 42 74 43 93 64 24 21 0 1 11 46 66 96 85 66
18 66 16 51 80 55 70 1 91 93 64 53 30 76 30 88 21 89 65 27 16 90 83 79 91 22 91 84 98 1 29 17 90 79 94 64 45 38 9 12 94 37 63 54 32 23 55 2 97 48 4 59 38 73 35 71 95 88 16 25 68 33 79 6 18 52 37 16 26 69 68 31 90 10 44 68 26 50 41 99 39 72 27 55 65 98 52 11 91 77 54 19 64 0 49 19 17 10 90 64
71 76 14 94 16 41 74 50 59 37 98 77 6 43 25 92 72 81 79 35 46 73 14 40 20 36 46 23 19 71 98 82 89 19 76 19 31 36 57 48 23 43 87 16 17 43 54 11 69 41 77 33 55 95 2 79 27 29 77 84 57 70 31 20 89 54 84 94 28 21 83 1 25 54 72 91 17 48 7 86 55 90 69 22 20 29 96 93 1 30 53 33 38 9 0 36 68 99 51 61
64 86 32 35 71 69 12 96 77 86 45 26 47 32 83 51 82 14 4 74 70 8 11 13 81 47 42 31 54 91 66 43 99 55 62 12 44 80 75 88 91 4 19 92 26 83 59 78 3 95 51 14 57 41 19 61 46 46 17 23 96 76 81 30 77 1 59 66 38 44 1 37 90 63 31 32 98 34 30 99 56 49 36 7 11 41 76 36 33 99 4 63 6 10 61 0 15 19 22 26
63 60 34 21 98 23 84 74 61 66 56 66 57 82 62 39 33 14 10 82 54 71 20 25 2 56 60 65 30 54 37 19 67 57 37 53 89 42 14 48 7 3 90 72 16 13 40 72 7 4 87 66 25 95 27 13 94 90 97 91 17 20 10 12 68 71 5 69 51 23 77 85 47 57 28 28 71 69 79 92 86 42 86 32 91 50 16 39 44 13 38 31 55 69 29 76 0 20 56 11
50 51 56 19 33 24 56 76 52 79 86 48 1 1 73 80 57 91 93 25 88 73 10 66 99 4 22 80 75 95 23 41 69 84 22 47 18 40 61 39 92 46 49 78 74 8 23 3 73 78 12 23 73 58 25 3 82 1 73 92 12 8 98 96 72 34 36 67 33 42 85 9 60 77 34 99 23 12 44 79 95 4 69 77 7 9 56 66 65 80 42 57 75 28 94 76 47 0 70 42
69 11 3 40 36 44 30 33 51 90 23 81 37 41 22 5 31 64 89 76 98 11 87 9 11 99 52 73 60 80 39 19 6 19 51 60 28 88 67 36 62 47 16 79 87 29 61 99 34 98 74 86 58 51 13 72 23 1 5 53 2 87 79 23 9 95 8 29 31 28 76 18 52 64 13 55 65 18 59 29 33 76 93 32 15 59 25 91 32 53 50 86 18 46 83 42 81 37 0 86
76 44 94 87 6 91 30 27 52 40 96 19 58 33 17 79 61 34 82 71 47 53 1 77 82 49 31 99 98 32 70 64 91 33 22 52 23 40 71 38 45 81 76 96 44 75 50 50 90 28 10 27 33 55 29 41 16 25 14 25 40 2 34 53 50 59 3 9 30 76 7 22 93 67 7 30 9 1 21 37 66 57 51 86 81 39 62 49 80 54 71 80 33 64 20 58 80 49 66 0
Cost:  4990
Route:  0  83  47  45  7  67  24  60  21  71  48  42  95  59  66  81  98  50  55  31  61  6  57  54  13  62  36  76  90  2  87  75  14  46  40  82  79  5  49  72  51  19  73  25  1  78  20  3  70  38  28  22  86  4  80  32  26  35  92  91  94  39  33  88  74  77  30  41  27  53  43  34  68  23  65  11  10  17  15  29  52  63  93  12  69  56  84  85  89  99  9  16  44  97  58  96  37  18  8  64  