80
0 4143 0
3622 3630 1
2211 2225 5
402 414 3
3772 3786 10
3676 3685 8
1662 1676 10
258 267 9
574 587 7
3545 3557 3
1359 1371 3
3750 3757 9
2922 2933 7
458 466 8
3477 3484 7
2678 2697 8
1307 1323 10
2768 2785 9
2038 2052 6
3990 4008 10
3831 3839 9
1028 1037 6
65 74 4
2360 2377 6
949 965 1
1766 1788 9
3229 3236 1
1092 1106 9
805 814 4
1008 1017 1
1650 1663 1
3148 3157 3
3800 3812 5
2587 2599 7
350 367 8
338 349 1
3519 3524 4
229 240 9
383 391 2
1428 1438 3
495 506 2
3104 3125 9
4063 4070 1
151 161 5
1232 1244 2
528 541 9
1611 1618 3
1482 1490 3
2509 2521 8
1517 1522 1
3846 3856 1
3068 3083 10
3956 3968 4
3252 3261 1
1418 1439 8
592 605 6
2116 2125 10
723 742 9
1186 1196 5
2881 2891 1
466 479 4
883 902 9
94 102 2
2982 2991 4
3343 3349 4
3861 3877 1
3118 3131 4
52 58 9
3416 3438 9
2501 2513 9
628 637 2
2334 2346 5
2401 2413 3
2309 2319 8
3632 3646 5
3018 3036 9
1858 1870 9
1969 1976 8
2107 2119 10
1346 1360 8
0 51 98 29 84 5 78 15 85 31 59 74 55 81 13 87 5 89 88 90 41 37 27 83 2 17 94 48 55 95 90 99 63 78 83 45 44 95 4 99 45 99 78 57 36 25 51 65 72 43 6 23 51 49 30 82 90 37 26 81 47 1 4 96 56 9 62 50 6 82 46 64 36 43 29 24 38 77 65 57
28 0 51 10 10 68 65 76 17 29 5 33 57 7 86 52 19 52 31 95 11 10 97 10 6 11 10 65 57 72 31 5 31 92 43 7 74 65 20 44 58 21 61 11 3 66 36 66 94 87 61 70 83 2 31 36 52 52 27 45 18 57 24 42 50 50 24 89 8 54 15 51 69 78 11 8 83 90 13 45
2 10 0 63 98 42 36 48 87 81 14 5 55 11 11 59 22 64 19 60 29 7 86 82 6 86 45 40 92 44 53 65 73 4 15 96 19 13 88 29 27 62 31 38 43 4 28 22 85 31 18 90 72 92 38 99 71 69 21 84 98 60 42 62 80 17 3 43 10 12 1 6 32 89 43 59 45 46 29 86
47 79 1 0 72 64 24 12 64 34 10 57 34 44 29 51 88 38 84 93 81 90 79 21 11 95 90 46 95 24 84 66 62 15 52 39 56 2 81 53 89 69 89 2 31 83 38 60 45 58 13 50 96 37 75 4 47 45 51 71 98 58 85 92 80 52 20 47 2 42 14 65 25 91 82 35 63 82 61 76
41 20 91 52 0 39 73 26 30 65 67 96 74 50 82 2 19 41 86 60 45 58 42 58 31 52 57 84 80 71 10 40 16 89 72 47 27 67 21 25 9 68 34 38 14 62 7 24 79 42 14 98 98 64 92 28 40 8 56 23 76 63 34 77 63 15 47 68 89 51 2 74 20 96 46 33 28 23 29 30
51 6 56 44 16 0 19 97 38 70 50 62 89 49 73 66 65 99 5 39 22 23 68 70 68 12 55 66 78 66 50 17 65 22 28 82 43 75 19 6 26 9 87 90 60 56 35 25 64 54 45 74 50 38 98 72 58 37 4 62 84 6 89 33 26 19 89 41 6 6 69 21 28 97 56 46 92 89 82 63
43 20 57 32 66 71 0 95 96 80 14 99 21 34 35 96 67 30 84 99 17 17 51 7 67 98 1 59 17 65 69 72 10 7 24 55 8 33 32 62 71 51 91 20 18 12 22 33 29 61 93 16 24 76 36 52 59 13 28 44 67 6 28 64 66 46 76 11 19 24 24 96 60 63 24 16 71 34 32 18
52 98 30 50 17 35 19 0 28 68 40 63 73 8 79 23 73 11 9 93 10 71 22 61 10 45 60 5 71 98 76 1 62 35 97 69 10 66 33 24 3 62 58 86 71 9 79 34 44 86 98 48 95 73 8 93 52 86 43 24 27 56 19 39 56 60 79 34 32 91 72 69 69 89 56 74 78 78 54 91
17 24 7 7 70 85 79 96 0 45 19 37 90 36 10 91 66 8 94 38 73 20 48 66 85 76 45 83 66 94 45 31 83 52 87 96 41 44 99 88 79 81 4 27 6 24 5 97 16 62 42 53 92 56 43 9 26 16 40 95 90 71 50 96 53 11 60 76 74 24 9 33 65 17 46 22 23 76 55 11
49 70 34 72 59 3 16 69 45 0 71 44 11 99 77 62 70 49 3 83 89 8 66 52 23 1 71 49 83 62 85 5 38 26 13 39 33 6 21 57 58 20 10 92 40 80 30 62 38 18 98 34 5 26 4 13 41 65 43 49 36 27 22 66 44 23 32 84 13 90 96 64 23 35 43 72 79 31 83 62
72 6 6 40 63 9 48 87 18 22 0 47 38 93 97 16 4 25 2 13 5 3 53 66 29 39 7 87 44 37 70 57 92 18 89 43 16 44 15 58 73 87 20 83 19 15 43 77 34 30 81 15 22 32 56 9 8 66 23 47 61 96 97 13 98 66 51 14 94 77 12 54 74 74 19 90 96 37 1 8
49 27 84 9 13 5 86 42 96 18 25 0 65 95 50 6 41 27 35 66 29 48 83 17 60 88 7 81 6 67 94 98 69 80 53 28 19 60 39 75 68 24 7 79 51 61 15 3 46 89 20 99 80 10 32 61 27 54 85 31 20 82 46 90 83 40 26 21 72 56 92 17 66 82 27 29 55 8 53 21
87 14 28 43 75 96 95 99 38 99 52 62 0 28 18 85 22 21 91 80 51 15 67 10 75 65 24 78 45 80 95 84 16 14 93 82 73 31 92 10 59 52 44 85 93 67 42 90 31 91 94 8 25 26 61 25 34 76 20 29 74 35 17 46 7 89 80 20 2 25 99 32 84 98 35 76 86 23 49 62
20 86 67 63 73 55 27 64 21 34 23 62 63 0 40 54 76 68 49 57 49 10 93 67 51 70 68 9 32 30 66 10 32 23 70 23 76 92 3 14 66 27 34 23 95 22 3 65 94 26 35 20 5 91 8 61 39 79 37 9 2 47 43 59 27 87 84 90 96 85 12 95 85 50 23 25 21 31 84 85
44 86 82 14 19 4 68 3 40 80 93 79 9 32 0 31 95 72 20 97 60 39 21 83 98 20 31 55 5 9 71 1 43 19 92 78 33 95 6 14 72 43 26 23 47 64 90 45 66 4 17 57 37 42 60 84 48 97 32 89 13 64 32 83 10 94 69 95 13 39 5 46 47 23 50 40 98 38 15 68
90 4 83 35 44 36 68 87 16 49 63 77 58 3 4 0 73 85 57 35 55 51 53 75 25 14 48 42 2 12 15 3 53 90 75 94 35 50 9 79 34 85 67 22 44 57 73 33 28 3 31 92 37 37 57 30 44 71 67 63 40 49 45 91 88 20 77 18 99 37 4 23 32 1 95 28 65 73 18 54
77 71 96 16 1 81 81 78 97 66 49 11 64 69 87 93 0 5 6 21 76 31 10 29 65 72 80 12 77 7 73 99 30 25 59 61 77 25 49 23 80 79 96 47 38 76 70 96 68 37 95 99 14 26 59 46 80 64 33 71 13 95 58 24 55 16 16 9 10 84 84 20 64 69 40 85 25 18 69 25
81 20 82 66 59 31 50 19 48 24 5 2 10 74 72 24 4 0 55 19 68 80 76 25 90 46 61 81 65 95 54 35 98 37 14 15 1 42 23 41 48 21 98 57 79 78 2 23 95 29 35 99 56 34 75 30 14 10 10 96 60 33 53 27 64 86 82 16 26 7 78 3 54 81 26 87 44 86 12 56
67 74 30 39 38 30 67 2 14 25 85 51 49 37 6 7 58 37 0 81 83 46 40 63 63 37 25 92 54 60 16 40 4 19 66 49 99 55 22 64 25 83 30 88 86 45 20 29 37 25 72 87 98 32 68 94 39 11 98 72 68 97 46 15 6 94 18 11 58 58 13 73 2 82 43 26 37 30 60 38
98 11 37 27 78 12 69 84 22 19 45 88 76 72 69 82 94 13 68 0 94 66 20 8 35 18 52 15 55 9 98 4 35 8 21 34 59 8 99 53 54 76 65 69 64 30 21 33 74 41 35 78 62 74 21 27 22 58 74 85 34 86 4 5 34 46 39 29 80 84 92 6 52 18 1 56 24 22 14 6
54 16 5 42 73 58 85 16 74 67 53 22 8 48 48 79 41 42 43 58 0 80 55 21 83 3 20 95 5 3 15 50 12 67 98 19 33 12 26 29 79 53 79 60 74 29 34 60 7 53 6 4 40 40 85 98 38 23 17 4 84 81 45 68 31 76 62 6 89 65 60 2 54 98 46 13 61 85 77 13
51 5 29 32 8 5 33 79 67 28 76 93 50 99 12 37 32 18 74 52 81 0 45 51 47 81 46 58 38 88 70 37 66 97 30 50 59 95 34 60 11 73 90 79 31 47 56 89 59 53 28 72 38 60 86 38 98 22 80 20 18 5 72 66 17 2 64 2 51 26 35 19 15 18 48 12 90 99 9 98
20 27 83 96 68 39 27 65 99 99 19 45 34 39 88 10 28 89 77 47 94 16 0 74 74 23 70 77 77 1 2 55 22 76 65 60 1 30 34 58 70 83 77 80 14 77 95 29 77 12 51 65 75 20 26 35 81 79 44 5 6 86 21 36 73 27 56 98 97 76 95 75 33 77 14 53 94 48 24 89
42 80 83 49 56 98 72 16 80 50 29 28 56 23 13 22 41 29 1 56 70 94 77 0 16 63 88 84 96 85 42 57 60 85 38 57 77 73 55 30 67 35 5 20 25 60 27 35 5 64 13 56 41 43 48 33 97 26 9 10 58 41 58 96 72 47 35 73 52 94 63 42 38 27 67 37 84 7 19 25
58 51 15 47 36 40 14 16 5 18 16 86 68 11 12 93 23 51 17 87 58 10 62 21 0 48 46 21 34 53 77 4 59 55 73 77 17 86 12 59 68 38 55 77 32 70 8 1 68 10 56 29 8 74 14 98 54 21 57 14 34 2 10 69 73 27 2 20 33 5 84 19 93 96 9 52 90 79 37 31
20 78 42 98 19 57 81 94 37 22 45 75 66 5 94 78 56 19 29 66 72 78 43 89 10 0 97 38 46 57 25 24 31 19 51 61 5 85 81 10 70 77 60 53 59 78 92 73 87 69 82 43 57 9 65 43 27 27 31 91 51 83 11 55 22 24 48 15 66 87 69 23 83 63 90 72 83 11 74 18
89 68 39 94 98 89 50 89 29 13 55 68 61 7 11 63 35 44 58 7 64 32 74 91 33 4 0 71 88 64 99 82 25 15 25 31 69 14 75 47 57 36 98 81 43 96 45 24 10 76 13 94 55 24 88 61 34 98 23 1 15 56 73 83 23 15 70 96 85 22 91 34 57 1 11 72 91 89 71 48
36 90 67 30 10 47 79 87 47 58 60 23 88 53 99 73 15 35 15 11 79 54 44 33 34 24 77 0 57 69 5 77 65 10 38 23 99 72 78 97 20 60 18 39 38 96 1 59 8 38 24 66 98 78 60 59 23 38 86 6 94 61 82 15 18 74 97 88 76 47 17 86 17 98 67 26 41 17 21 64
64 78 60 29 17 37 8 53 33 18 48 98 79 87 49 44 29 60 99 85 89 38 69 13 33 32 46 78 0 14 40 60 8 72 66 14 29 41 11 39 98 99 41 9 59 70 94 48 75 64 29 39 18 49 96 96 15 76 51 21 39 69 64 10 35 94 92 37 9 13 23 14 33 74 54 56 9 32 87 83
40 31 21 40 1 3 96 69 47 84 13 62 55 79 95 78 49 99 5 81 69 16 21 20 17 72 77 62 48 0 41 98 64 65 34 40 70 29 56 65 51 9 14 61 21 94 26 73 65 93 45 35 80 37 8 81 43 93 16 23 2 39 2 86 23 69 49 60 42 41 77 33 76 35 30 20 38 86 83 97
78 40 79 62 46 37 5 7 34 3 57 7 54 93 89 88 4 37 14 16 58 5 90 80 85 42 75 75 96 42 0 6 56 74 89 39 56 65 89 40 29 67 78 78 9 59 59 97 7 23 51 38 63 29 5 68 91 44 64 17 39 51 37 50 9 85 58 73 2 82 12 55 70 71 40 40 57 36 52 51
30 5 92 28 96 8 25 34 95 57 47 77 74 81 67 87 81 3 48 94 22 67 69 30 96 55 74 92 37 92 75 0 13 95 25 4 92 57 46 56 19 13 26 14 25 74 41 17 58 19 70 49 47 46 99 57 52 63 50 32 7 14 2 41 44 32 84 46 56 60 43 83 71 89 57 94 28 66 5 38
30 26 75 55 19 32 26 95 96 53 81 10 12 68 70 76 92 90 90 81 23 43 98 47 87 46 66 27 20 67 46 56 0 90 8 82 76 21 60 95 32 42 22 78 91 47 7 14 23 31 20 47 37 72 92 82 59 27 74 44 12 32 79 2 33 51 39 2 58 56 61 92 71 17 65 98 50 31 20 12
90 11 64 81 40 87 64 34 49 67 29 61 18 16 4 83 16 77 64 92 67 78 42 38 32 66 79 41 73 55 74 70 10 0 82 67 87 38 53 98 68 93 68 6 34 28 35 71 39 56 46 25 34 81 9 75 66 6 33 27 7 80 19 40 54 59 65 55 20 69 72 5 96 8 9 70 4 42 76 23
98 15 50 66 7 74 99 76 67 6 92 69 82 20 53 93 7 54 8 71 97 16 68 90 18 59 64 70 86 49 38 25 31 93 0 10 69 79 25 39 46 91 16 71 24 91 69 74 41 14 84 55 40 18 72 75 24 90 80 85 33 12 34 53 44 85 78 82 37 20 62 90 22 24 23 47 45 29 89 23
53 5 62 70 58 19 20 60 29 58 12 60 64 23 61 15 35 1 48 17 42 53 35 64 61 50 59 94 25 90 61 61 67 28 6 0 54 97 25 72 32 8 70 16 53 26 56 39 89 27 36 10 66 31 50 74 36 25 73 4 42 52 50 24 15 34 53 54 68 61 59 83 90 62 42 75 51 62 45 90
56 60 79 2 24 41 55 24 80 22 71 50 83 54 14 53 13 31 14 21 88 53 19 20 38 76 68 16 75 17 33 49 55 77 13 56 0 92 31 72 53 55 51 10 94 28 33 94 24 28 74 90 47 23 51 1 39 78 50 31 88 5 26 13 97 73 57 57 44 90 37 42 97 69 75 46 62 50 12 77
58 92 56 29 35 90 63 14 7 31 22 25 93 47 79 49 33 77 98 53 68 76 28 82 5 93 19 1 67 5 27 80 7 92 78 64 95 0 34 89 68 31 5 32 22 52 61 78 3 78 47 90 20 12 15 28 72 1 99 32 21 52 99 42 38 67 50 30 95 37 16 32 64 72 16 95 47 18 59 97
5 33 24 22 37 42 68 24 78 16 22 9 56 14 93 13 78 86 40 47 6 42 3 12 31 87 40 51 57 96 88 21 21 9 67 55 21 51 0 27 61 17 19 68 82 12 57 49 31 13 12 86 39 73 83 10 86 36 43 73 44 78 74 21 49 4 43 73 29 43 61 91 42 49 66 9 95 3 5 53
8 17 94 16 87 86 5 71 76 3 58 82 40 19 53 94 80 54 42 21 1 95 30 66 94 86 20 33 33 72 99 43 93 84 81 84 1 7 34 0 54 27 73 47 53 11 73 47 67 92 18 57 22 85 8 45 27 22 92 46 33 96 45 17 89 82 21 94 21 61 56 38 58 23 87 1 95 66 96 83
39 9 64 81 52 5 33 90 64 92 51 69 47 95 71 5 13 17 20 22 66 40 36 90 38 10 16 53 46 42 89 40 19 39 8 95 16 91 89 82 0 78 33 21 13 29 66 54 64 19 79 33 70 45 7 59 57 79 68 93 14 66 12 61 22 32 66 26 25 98 27 54 98 35 44 9 93 6 41 48
30 76 74 76 46 36 26 46 90 34 53 92 66 64 22 25 63 57 92 2 62 92 32 64 44 45 44 41 4 59 41 15 72 77 45 52 49 61 11 67 32 0 17 30 95 59 86 48 38 75 83 61 68 18 51 75 17 64 61 55 32 97 81 92 75 86 5 30 5 14 28 74 91 34 70 53 91 89 59 14
72 99 23 87 13 10 2 8 5 82 26 79 40 1 97 67 3 74 58 98 50 56 29 55 73 97 2 29 76 37 91 24 22 12 25 83 85 62 37 49 87 58 0 29 48 20 11 8 73 52 49 39 10 95 57 56 61 6 5 86 14 22 93 88 25 58 32 70 77 90 11 75 5 31 32 27 61 22 73 21
72 87 29 65 49 37 36 78 58 80 71 45 29 42 72 64 51 44 50 72 10 79 81 30 59 25 71 43 81 21 87 2 72 98 53 22 23 74 41 13 91 89 53 0 13 84 66 71 86 71 22 49 2 37 98 59 94 2 31 70 60 48 94 98 60 17 97 30 70 47 7 13 9 41 22 66 81 6 61 45
34 24 67 60 69 22 34 54 6 47 34 56 36 75 7 67 70 83 78 61 13 76 60 63 84 64 36 92 99 6 28 38 32 57 22 80 93 85 48 98 78 44 23 82 0 56 81 78 46 87 19 7 1 56 42 91 47 16 61 97 61 82 45 97 12 23 36 32 92 58 22 84 31 25 4 34 91 40 55 79
70 2 91 62 30 55 78 76 35 14 59 37 37 99 97 58 49 38 49 59 16 27 40 59 81 59 74 30 34 9 99 86 67 19 51 50 76 71 68 31 58 21 10 67 9 0 76 61 53 5 6 78 90 81 1 46 62 35 77 60 61 76 99 11 38 7 82 89 49 99 92 41 31 1 28 20 33 88 12 31
91 15 27 79 22 81 8 26 28 66 58 3 1 4 6 98 79 72 97 66 2 82 11 75 98 98 61 43 93 2 39 65 30 5 86 79 6 44 24 81 15 28 71 77 16 50 0 20 53 72 29 79 14 64 25 26 83 32 75 89 98 78 64 49 3 3 42 87 47 89 30 13 77 15 60 29 56 7 40 89
18 64 92 92 83 88 77 20 77 18 30 93 43 71 5 88 25 77 81 48 60 83 58 25 19 49 70 29 65 76 31 97 92 21 19 94 77 36 91 52 29 36 34 69 19 15 1 0 73 27 54 56 33 39 60 63 23 58 54 38 62 24 92 46 95 7 33 13 16 78 98 84 98 12 69 61 86 7 78 87
76 68 60 67 12 45 61 21 43 32 63 6 91 7 54 74 66 30 69 81 44 53 12 23 66 72 49 30 61 93 31 1 52 68 51 10 31 32 47 83 1 45 51 37 76 76 99 76 0 5 9 79 42 8 63 15 61 64 88 3 36 50 60 78 75 31 82 81 70 38 35 90 47 96 82 74 85 76 49 51
83 58 64 83 10 52 86 19 74 92 9 26 19 85 58 64 56 29 17 65 59 90 36 18 5 58 86 80 24 7 29 42 69 96 52 48 41 76 10 33 88 1 74 82 58 16 88 64 76 0 20 82 69 71 67 15 28 5 75 19 22 73 85 20 32 8 78 27 11 11 20 14 33 44 18 20 21 78 30 19
58 75 10 51 12 89 77 35 70 18 73 28 73 28 3 24 19 66 25 36 47 76 5 27 42 36 88 49 79 7 17 14 54 24 63 64 4 90 53 10 83 91 97 70 19 19 82 54 88 14 0 87 26 60 94 20 65 50 57 72 27 93 35 72 12 19 42 73 11 92 91 54 34 36 21 69 87 46 60 69
74 85 43 39 70 53 2 55 61 23 71 80 18 60 99 13 87 26 67 23 45 58 93 74 89 70 33 75 10 86 60 11 84 51 7 34 18 92 52 92 7 29 47 29 23 40 65 30 10 74 39 0 77 58 30 17 28 82 16 83 62 18 4 32 62 19 13 38 4 34 28 39 40 3 31 31 83 24 79 18
41 80 53 43 5 3 28 82 37 54 53 32 19 29 95 73 54 57 50 25 87 54 58 67 80 72 38 9 25 93 99 4 69 14 74 25 42 94 38 17 4 20 48 48 86 66 59 95 98 63 2 24 0 34 77 68 8 78 32 93 20 85 5 44 89 65 84 97 76 64 53 74 13 94 45 98 87 39 48 32
81 87 58 77 50 2 65 70 71 2 67 52 39 13 69 38 19 84 53 16 8 27 59 61 55 52 40 17 22 80 56 13 78 21 33 21 69 38 94 44 38 65 75 52 26 62 15 10 42 40 54 40 58 0 31 74 16 34 46 39 9 48 53 22 85 14 86 67 90 41 63 26 1 93 59 99 49 36 88 7
77 80 34 11 72 99 30 10 82 1 81 33 5 15 94 12 93 93 1 61 26 93 10 59 91 81 12 46 65 60 57 16 74 34 53 51 31 63 69 4 19 78 23 37 81 79 42 52 71 30 4 54 65 23 0 70 69 3 67 68 80 24 84 54 91 88 1 47 17 41 12 61 75 67 68 57 88 11 81 36
44 53 40 90 31 61 37 15 25 86 10 51 5 32 74 37 5 37 48 62 71 43 35 74 6 15 72 84 29 39 36 90 4 61 77 74 46 39 11 5 59 40 27 3 12 69 58 34 75 36 26 61 6 29 62 0 56 35 12 72 22 10 9 21 64 82 99 85 91 87 28 24 38 37 46 21 58 85 23 10
77 23 85 83 46 22 93 79 36 98 56 12 16 89 19 69 78 49 80 21 99 95 90 80 90 23 58 37 1 67 47 55 73 92 72 35 42 85 69 42 23 30 44 52 50 1 33 52 6 19 66 58 18 2 46 30 0 97 11 37 26 29 62 72 51 19 60 38 68 3 22 6 26 48 56 19 20 46 83 95
33 45 55 97 97 95 47 30 13 6 85 79 34 1 68 38 48 56 71 8 60 95 59 9 24 20 98 91 69 17 79 60 67 71 10 14 45 57 30 51 28 10 55 21 31 98 34 58 33 22 33 94 90 26 52 65 38 0 95 96 52 90 37 14 16 56 37 98 91 53 61 83 49 65 24 17 7 46 4 50
47 53 3 4 49 20 46 35 28 76 59 79 23 10 65 7 16 36 20 23 18 91 67 16 42 83 22 83 62 44 51 3 62 18 20 84 28 63 87 50 12 98 54 96 41 74 37 17 15 92 29 96 6 54 14 86 90 65 0 80 30 40 89 25 69 19 60 31 28 58 83 14 30 70 37 39 40 58 56 84
37 32 68 56 70 74 73 16 24 13 51 92 42 50 11 29 1 30 92 78 3 82 56 73 53 45 83 80 54 98 68 13 89 63 62 67 2 11 5 99 47 44 35 27 15 43 23 67 96 35 11 15 12 27 42 19 75 9 78 0 17 71 10 95 51 69 23 85 69 65 1 47 17 84 9 33 60 94 70 77
89 90 24 96 12 93 96 70 58 9 19 72 7 80 30 84 19 76 63 68 33 57 73 59 58 51 31 51 83 12 94 12 39 98 87 56 40 91 89 79 27 57 26 44 13 73 89 44 23 6 92 53 79 29 50 50 76 3 41 51 0 31 98 39 66 3 47 95 59 39 98 86 79 28 80 60 68 50 80 47
92 9 73 63 10 27 85 57 13 18 27 81 92 62 20 97 90 23 59 2 88 28 85 38 62 43 49 79 16 18 74 57 73 16 26 73 32 31 6 31 3 56 89 30 68 77 68 11 39 35 70 20 39 87 56 19 29 12 19 5 4 0 95 15 93 52 55 20 30 95 67 29 80 54 35 27 36 84 64 43
11 12 70 6 25 43 78 2 6 96 19 53 29 23 15 72 81 33 89 85 41 21 2 62 73 96 43 90 72 8 68 64 60 86 12 72 59 73 28 54 92 60 96 52 24 93 20 81 90 17 41 55 65 68 89 45 81 65 52 87 2 32 0 86 18 45 63 8 74 7 37 34 95 72 35 96 74 47 98 23
16 5 85 59 5 73 54 14 5 58 58 64 5 30 14 45 54 44 58 65 6 76 82 28 35 59 76 37 93 44 85 10 41 4 91 39 9 17 40 14 72 76 61 66 3 11 30 53 86 45 90 5 11 62 71 90 18 74 32 5 56 2 46 0 23 49 2 72 63 21 88 42 56 72 66 34 96 92 45 38
25 26 22 66 48 50 1 86 58 41 85 5 77 67 54 21 66 2 70 99 54 97 53 76 29 10 54 65 15 57 86 54 86 16 54 47 86 21 1 1 51 87 67 82 4 42 26 49 7 35 61 23 5 77 96 99 26 10 77 60 64 23 79 58 0 82 36 67 74 2 34 56 44 2 26 91 51 50 7 57
35 64 39 74 64 34 12 61 95 78 68 86 3 84 94 7 92 91 17 98 90 28 57 84 91 97 61 99 91 58 97 29 93 41 64 37 38 47 41 2 58 82 38 9 3 92 94 35 33 2 32 11 85 66 15 81 64 79 83 88 69 34 74 28 25 0 60 49 79 31 94 54 19 3 90 38 64 10 95 21
62 68 32 24 59 45 76 5 86 77 44 6 62 5 50 86 68 95 45 62 63 31 92 45 38 58 16 55 50 66 57 18 46 89 52 72 65 38 48 5 96 97 18 55 58 52 6 58 93 26 45 26 52 67 13 8 31 76 69 9 22 98 83 86 48 85 0 52 97 61 91 95 69 39 38 20 58 47 22 93
60 49 17 74 82 70 3 93 77 6 9 88 29 30 61 65 89 11 34 15 48 93 1 63 79 2 22 26 32 87 45 98 16 36 61 61 28 51 13 95 82 31 47 47 5 83 41 38 99 60 9 74 54 53 91 88 67 55 99 71 61 68 66 98 71 74 57 0 47 97 33 59 79 6 81 6 94 10 59 93
98 82 36 40 64 95 82 44 55 7 60 82 35 43 48 99 92 47 9 71 41 5 1 61 39 65 30 2 49 70 67 35 18 45 25 5 32 45 77 86 95 2 19 15 87 79 87 75 48 22 89 41 84 60 72 36 80 45 98 77 62 78 25 60 51 12 93 5 0 67 42 98 77 30 16 98 55 6 84 93
27 7 78 93 68 78 31 79 91 55 68 60 37 59 1 11 10 22 95 93 76 3 6 92 13 55 95 38 90 65 7 5 7 22 81 39 34 3 91 89 70 43 90 56 89 48 64 17 4 38 67 76 56 5 36 33 76 49 46 66 84 88 76 73 8 77 69 47 39 0 78 1 16 89 18 60 91 82 55 70
69 48 79 68 55 56 41 94 75 91 82 99 91 56 97 62 88 61 66 75 51 77 82 85 84 30 70 42 80 65 18 68 98 62 98 33 13 45 90 30 22 62 54 63 11 47 76 71 22 1 82 12 22 38 28 94 30 89 26 65 93 2 42 46 3 78 48 90 27 34 0 62 96 4 21 16 84 7 80 13
66 65 86 75 7 16 67 57 43 69 68 6 24 73 93 71 71 2 33 33 73 2 45 21 75 90 21 6 50 8 51 43 47 44 5 28 38 72 68 15 30 71 7 37 15 6 1 66 49 83 72 17 86 60 32 37 56 39 4 30 9 17 62 77 97 8 5 23 88 18 54 0 39 82 36 90 33 23 98 16
93 82 72 44 6 48 55 99 49 28 91 19 87 4 78 43 22 69 91 98 14 81 42 27 95 15 31 1 24 96 26 4 66 53 73 75 21 20 7 36 5 54 56 49 99 47 54 88 15 19 37 15 66 90 96 49 78 90 46 45 44 66 77 20 4 86 85 82 11 89 31 87 0 9 74 28 80 78 66 5
5 98 11 33 36 8 76 10 76 99 80 64 74 93 39 8 71 78 16 12 77 40 55 90 94 71 39 96 55 89 89 25 70 44 31 56 70 16 5 90 51 97 11 81 72 21 69 74 98 98 43 49 4 97 11 85 92 49 45 82 3 2 28 47 86 33 88 81 64 83 75 19 75 0 2 74 74 36 45 1
70 90 51 89 31 40 67 44 52 84 6 54 95 92 3 50 38 67 19 18 53 93 45 61 70 9 47 41 90 46 96 16 1 95 52 35 34 25 41 14 45 20 91 4 87 43 67 83 73 33 11 20 81 42 4 76 38 46 63 6 5 15 71 17 39 54 70 31 14 49 80 82 80 21 0 38 98 80 71 46
51 34 29 91 1 7 88 99 98 84 15 70 73 43 48 62 60 66 27 38 6 53 26 23 37 40 40 65 27 51 45 44 18 18 14 70 16 35 19 65 6 89 32 23 46 72 21 4 94 78 28 39 91 4 33 85 7 59 3 59 6 73 58 25 43 86 46 6 82 3 74 52 73 77 48 0 65 51 2 82
62 46 20 34 9 54 68 9 83 17 26 77 94 40 3 44 72 81 3 40 86 60 82 51 83 75 90 87 57 84 67 1 23 87 39 60 1 63 14 43 25 27 42 1 90 4 35 78 76 53 48 12 47 54 10 73 28 8 79 14 1 89 19 79 91 7 95 89 66 95 32 18 27 41 17 88 0 99 4 21
88 47 1 44 61 54 82 24 76 65 65 64 12 15 80 83 39 55 60 75 82 48 60 30 58 88 60 23 98 91 92 50 42 51 46 41 37 30 73 90 27 2 88 65 32 12 76 68 92 3 21 34 48 54 14 49 78 86 7 56 51 30 66 64 99 93 28 58 98 96 90 1 67 8 9 33 67 0 65 95
21 51 20 44 2 48 33 4 97 48 36 6 78 31 12 75 61 57 57 61 42 90 91 4 88 9 61 45 19 59 65 26 39 23 98 24 65 78 24 19 97 25 23 84 25 24 86 50 95 59 42 40 96 20 68 54 1 62 14 74 11 82 93 93 17 68 43 58 54 77 34 44 12 52 56 25 31 5 0 99
56 29 87 6 61 72 74 83 25 65 8 7 49 4 84 42 67 6 42 16 51 22 12 67 19 64 11 28 42 1 7 58 13 68 61 85 58 41 8 1 58 21 88 50 57 47 40 2 60 55 43 9 28 44 3 9 45 19 54 17 7 41 59 76 35 81 42 70 52 97 40 11 66 4 81 49 61 84 63 0
0 30 20 9 11 48 23 15 48 48 28 42 16 51 44 50 4 18 48 6 8 35 63 17 55 30 27 58 23 41 45 13 48 47 51 36 34 41 60 30 47 62 65 47 26 30 22 63 39 26 60 41 42 34 20 53 20 63 10 47 43 40 24 15 25 30 56 55 34 29 17 38 56 19 27 28 17 46 10 32
30 0 40 37 31 18 27 35 17 63 40 39 28 48 15 25 27 34 32 36 27 16 36 13 31 17 10 28 42 25 65 43 25 40 37 6 35 31 65 30 52 32 42 37 56 23 30 45 10 39 37 49 57 24 50 27 17 49 40 20 57 22 13 42 39 46 33 58 21 13 25 27 35 18 39 7 26 35 39 11
20 40 0 12 10 55 17 5 57 28 11 31 12 37 55 52 22 38 43 17 16 36 65 28 70 47 42 64 3 38 26 18 48 36 43 47 23 34 42 22 30 66 62 38 22 26 42 57 46 9 59 23 22 30 19 55 23 54 24 60 23 57 40 31 45 10 55 38 32 32 36 33 53 37 9 41 37 38 14 36
9 37 12 0 7 54 21 8 54 39 21 39 13 47 51 53 13 27 48 5 10 37 66 23 64 39 35 63 15 42 35 9 50 44 50 43 31 40 53 28 41 66 66 45 19 29 31 63 45 19 62 34 34 35 13 56 22 61 12 55 35 49 33 20 33 22 58 49 35 32 26 38 57 28 20 35 27 45 3 36
11 31 10 7 0 48 14 5 49 38 17 33 6 41 46 46 12 29 41 11 5 30 60 18 60 37 32 57 13 35 36 16 43 37 43 38 24 33 49 21 36 60 59 38 26 22 32 56 38 15 55 30 32 27 20 49 16 55 18 50 33 47 30 25 36 20 51 45 28 26 26 31 50 26 16 31 27 38 10 29
48 18 55 54 48 0 40 51 5 74 52 44 44 52 11 15 45 51 30 54 44 21 21 31 28 30 25 10 56 26 78 60 19 44 36 14 43 34 72 39 59 14 31 39 73 33 46 38 9 52 26 59 68 31 67 15 32 45 58 17 68 29 29 60 56 59 23 64 27 23 42 32 27 35 52 23 43 37 56 20
23 27 17 21 14 40 0 14 42 36 13 20 8 29 41 35 22 39 27 25 15 19 48 18 58 38 31 48 17 22 38 29 31 24 29 33 12 19 41 8 27 50 46 24 38 9 40 42 30 12 42 23 30 14 33 38 10 41 31 47 30 47 31 38 46 20 38 35 15 16 33 17 37 30 13 30 35 24 24 20
15 35 5 8 5 51 14 0 52 33 13 31 8 38 50 48 17 34 41 14 10 32 61 23 65 42 36 60 8 36 31 17 45 36 42 42 22 33 45 21 32 62 60 37 24 23 37 56 42 11 56 26 27 28 19 51 19 53 21 55 28 51 34 28 40 15 52 41 29 28 31 31 51 31 12 36 32 37 11 32
48 17 57 54 49 5 42 52 0 77 55 48 45 56 6 21 44 49 35 54 44 25 25 31 23 26 23 13 58 31 80 60 24 48 41 12 47 38 76 42 63 18 37 44 73 36 43 43 12 54 31 62 71 34 67 21 33 51 57 12 71 24 27 59 53 62 29 68 31 26 40 36 32 33 55 21 41 41 56 22
48 63 28 39 38 74 36 33 77 0 23 33 37 32 77 65 50 66 51 45 43 53 76 53 94 73 67 81 25 50 11 44 60 37 48 69 31 43 22 35 20 81 69 42 39 42 70 61 65 25 67 16 6 44 40 68 46 53 50 83 6 83 66 58 73 18 65 24 47 52 64 44 62 64 24 66 65 44 41 55
28 40 11 21 17 52 13 13 55 23 0 20 14 26 54 46 29 46 35 27 21 31 58 30 71 50 44 60 9 31 25 29 41 25 34 46 13 25 32 14 19 61 54 28 33 20 49 48 43 2 51 13 17 24 30 49 23 44 34 60 18 59 43 41 53 7 47 28 26 29 42 25 45 41 1 42 43 29 24 33
42 39 31 39 33 44 20 31 48 33 20 0 27 9 50 33 42 59 18 44 35 24 43 35 69 54 47 49 29 18 40 48 28 5 15 44 9 10 27 12 15 49 36 9 53 16 59 28 37 22 34 17 29 15 49 35 27 23 51 57 28 61 48 57 65 26 31 19 18 26 52 13 28 48 22 44 54 10 42 28
16 28 12 13 6 44 8 8 45 37 14 27 0 35 43 41 16 33 35 17 8 25 54 17 58 36 30 52 14 29 37 22 37 31 36 35 18 27 46 15 32 55 53 32 31 16 35 50 34 12 49 26 31 21 26 44 11 48 24 48 31 46 29 30 40 19 45 40 22 21 28 25 44 27 13 30 30 32 16 24
51 48 37 47 41 52 29 38 56 32 26 9 35 0 58 39 51 68 23 52 43 33 48 45 77 63 56 55 35 26 41 55 34 8 18 53 17 18 20 21 12 55 38 13 59 26 68 29 45 28 37 18 29 24 56 41 37 21 59 65 28 70 57 66 75 30 36 12 27 35 62 21 32 58 28 54 63 15 50 37
44 15 55 51 46 11 41 50 6 77 54 50 43 58 0 25 41 44 38 51 42 26 31 28 19 20 18 19 57 33 79 57 28 50 44 9 47 40 77 43 64 24 42 46 70 36 38 48 13 53 36 62 71 35 64 26 32 55 53 7 71 18 22 54 47 61 34 69 32 25 35 37 37 28 54 17 36 44 53 22
50 25 52 53 46 15 35 48 21 65 46 33 41 39 25 0 47 58 16 55 44 16 13 34 43 40 34 17 52 15 70 61 5 31 22 25 34 23 59 31 48 16 18 26 72 26 55 22 15 46 12 49 60 22 66 3 31 30 60 32 60 42 38 64 64 53 9 51 20 21 49 21 12 42 46 32 51 24 56 18
4 27 22 13 12 45 22 17 44 50 29 42 16 51 41 47 0 17 46 10 8 32 60 14 52 27 24 55 25 39 47 16 45 46 49 32 34 39 61 30 48 58 63 45 30 28 20 61 36 27 58 42 44 33 24 50 17 62 13 43 45 37 21 17 24 32 54 56 32 27 14 37 54 16 28 24 15 45 13 29
18 34 38 27 29 51 39 34 49 66 46 59 33 68 44 58 17 0 61 22 25 45 70 26 48 25 26 61 41 54 62 25 57 63 64 37 51 55 78 47 65 66 75 62 38 44 7 75 45 44 70 59 61 48 32 61 33 77 18 44 62 33 22 13 7 49 66 73 47 40 9 52 67 16 45 28 8 61 26 41
48 32 43 48 41 30 27 41 35 51 35 18 35 23 38 16 46 61 0 51 40 16 25 35 57 48 41 33 42 7 58 57 11 15 6 35 22 9 43 21 33 32 19 10 65 19 59 15 25 35 17 35 46 14 60 18 29 17 58 45 46 53 44 63 67 41 14 35 14 21 52 10 11 47 36 39 54 8 51 21
6 36 17 5 11 54 25 14 54 45 27 44 17 52 51 55 10 22 51 0 11 39 68 23 62 37 34 64 20 45 40 6 52 48 53 42 35 43 59 32 46 67 69 49 20 33 27 66 45 24 64 39 39 38 14 58 24 65 7 53 40 47 30 14 28 28 60 55 38 34 22 41 60 25 25 34 23 49 4 37
8 27 16 10 5 44 15 10 44 43 21 35 8 43 42 44 8 25 40 11 0 28 57 14 55 31 26 53 18 34 41 17 41 39 43 33 26 33 53 23 40 57 58 39 29 22 27 56 35 19 53 34 37 27 23 47 13 55 17 45 38 41 24 23 32 25 49 48 27 23 21 31 49 21 20 26 22 39 12 26
35 16 36 37 30 21 19 32 25 53 31 24 25 33 26 16 32 45 16 39 28 0 29 19 44 32 25 29 36 9 57 45 13 25 21 20 22 15 51 18 38 30 31 21 56 11 43 31 13 31 26 37 47 9 50 19 15 34 45 32 47 38 27 49 51 38 22 44 6 5 36 12 22 30 31 22 38 20 40 4
63 36 65 66 60 21 48 61 25 76 58 43 54 48 31 13 60 70 25 68 57 29 0 46 46 50 45 14 65 27 82 74 17 40 30 34 46 34 68 44 58 10 14 35 85 39 66 24 25 58 11 60 71 35 80 10 44 34 73 37 71 50 48 77 75 65 12 60 33 34 61 33 16 54 59 42 62 33 69 31
17 13 28 23 18 31 18 23 31 53 30 35 17 45 28 34 14 26 35 23 14 19 46 0 42 20 14 41 30 28 53 29 32 38 39 19 29 30 59 24 45 44 50 37 42 19 24 50 22 28 45 41 47 23 36 36 8 52 27 32 48 29 13 30 32 35 40 53 21 14 18 27 41 13 29 13 19 36 25 16
55 31 70 64 60 28 58 65 23 94 71 69 58 77 19 43 52 48 57 62 55 44 46 42 0 25 28 32 72 52 95 67 47 69 63 25 65 59 96 60 82 37 59 65 81 54 41 66 32 69 53 80 88 54 75 43 48 73 62 12 88 16 31 61 49 77 51 88 51 43 41 56 55 36 70 29 42 63 65 41
30 17 47 39 37 30 38 42 26 73 50 54 36 63 20 40 27 25 48 37 31 32 50 20 25 0 7 39 49 42 73 42 41 56 54 16 48 46 79 43 65 44 58 53 57 37 18 61 25 48 52 61 67 40 50 42 28 66 37 19 68 10 7 36 27 55 49 72 37 28 17 43 51 11 49 10 17 52 40 28
27 10 42 35 32 25 31 36 23 67 44 47 30 56 18 34 24 26 41 34 26 25 45 14 28 7 0 35 44 34 67 40 35 49 47 11 41 39 72 36 58 40 52 46 54 30 21 55 20 42 46 54 61 32 47 36 21 59 35 20 61 16 4 36 30 49 43 65 30 21 17 36 45 10 43 3 18 44 37 21
58 28 64 63 57 10 48 60 13 81 60 49 52 55 19 17 55 61 33 64 53 29 14 41 32 39 35 0 65 31 85 70 21 47 38 24 50 39 76 46 64 5 28 42 83 40 56 36 19 59 23 65 75 37 77 15 41 45 68 23 75 37 39 70 65 67 22 68 34 32 52 37 26 45 60 33 53 40 66 28
23 42 3 15 13 56 17 8 58 25 9 29 14 35 57 52 25 41 42 20 18 36 65 30 72 49 44 65 0 38 23 21 47 34 42 48 21 33 39 21 27 67 61 36 24 26 45 56 47 7 58 20 19 30 21 55 25 52 27 61 20 59 42 34 48 7 54 35 32 33 39 32 53 39 7 43 40 37 17 37
41 25 38 42 35 26 22 36 31 50 31 18 29 26 33 15 39 54 7 45 34 9 27 28 52 42 34 31 38 0 56 51 10 17 12 29 19 8 45 17 33 31 24 13 60 13 52 22 20 32 20 34 45 8 55 18 22 24 51 40 45 47 37 56 60 38 16 37 7 14 45 6 15 40 32 32 47 11 45 14
45 65 26 35 36 78 38 31 80 11 25 40 37 41 79 70 47 62 58 40 41 57 82 53 95 73 67 85 23 56 0 38 66 45 55 71 36 49 32 39 29 86 76 49 31 45 67 69 69 26 74 24 12 49 33 73 47 62 45 84 13 82 65 52 68 18 71 34 51 54 61 49 68 62 25 66 62 51 36 58
13 43 18 9 16 60 29 17 60 44 29 48 22 55 57 61 16 25 57 6 17 45 74 29 67 42 40 70 21 51 38 0 58 52 58 48 39 48 60 37 48 73 75 53 14 38 31 72 51 27 70 41 39 43 8 64 30 70 7 59 40 52 36 14 30 28 66 57 43 40 27 47 66 31 28 40 27 53 5 43
48 25 48 50 43 19 31 45 24 60 41 28 37 34 28 5 45 57 11 52 41 13 17 32 47 41 35 21 47 10 66 58 0 26 17 26 29 18 54 27 43 21 18 21 68 22 54 20 16 41 13 44 55 17 63 8 28 27 58 35 55 44 38 62 63 48 9 46 16 18 48 16 10 42 42 32 50 19 53 16
47 40 36 44 37 44 24 36 48 37 25 5 31 8 50 31 46 63 15 48 39 25 40 38 69 56 49 47 34 17 45 52 26 0 11 45 13 10 28 16 18 47 32 5 58 19 62 24 37 27 31 21 33 16 54 33 31 18 55 57 32 63 50 62 69 31 28 20 19 28 56 13 25 51 27 46 57 7 47 29
51 37 43 50 43 36 29 42 41 48 34 15 36 18 44 22 49 64 6 53 43 21 30 39 63 54 47 38 42 12 55 58 17 11 0 41 21 10 38 22 29 37 21 6 66 21 63 14 31 35 20 32 43 16 61 24 32 13 60 51 43 59 49 66 71 40 18 30 18 26 57 12 14 51 35 44 58 5 53 26
36 6 47 43 38 14 33 42 12 69 46 44 35 53 9 25 32 37 35 42 33 20 34 19 25 16 11 24 48 29 71 48 26 45 41 0 40 35 71 35 57 29 42 41 62 29 32 46 10 45 37 55 63 29 55 26 24 52 45 13 64 18 15 46 41 53 33 63 26 18 28 32 36 21 46 9 29 39 45 16
34 35 23 31 24 43 12 22 47 31 13 9 18 17 47 34 34 51 22 35 26 22 46 29 65 48 41 50 21 19 36 39 29 13 21 40 0 13 31 5 17 50 41 15 45 11 51 35 35 14 38 15 25 13 41 37 20 31 42 53 25 56 41 49 57 20 35 24 16 22 45 13 33 41 14 39 46 16 34 25
41 31 34 40 33 34 19 33 38 43 25 10 27 18 40 23 39 55 9 43 33 15 34 30 59 46 39 39 33 8 49 48 18 10 10 35 13 0 37 12 25 39 28 7 56 11 54 23 27 26 26 26 37 7 52 25 23 22 50 47 37 53 41 56 62 32 22 29 9 18 48 3 20 43 26 37 49 6 43 19
60 65 42 53 49 72 41 45 76 22 32 27 46 20 77 59 61 78 43 59 53 51 68 59 96 79 72 76 39 45 32 60 54 28 38 71 31 37 0 36 14 75 57 33 59 42 81 48 64 35 57 19 23 42 58 61 51 38 65 84 21 87 72 73 85 32 56 8 45 52 74 40 52 72 34 70 75 35 56 55
30 30 22 28 21 39 8 21 42 35 14 12 15 21 43 31 30 47 21 32 23 18 44 24 60 43 36 46 21 17 39 37 27 16 22 35 5 12 36 0 22 47 40 17 44 7 47 35 31 15 37 20 29 9 40 34 16 33 39 49 29 51 36 46 53 21 33 29 12 17 40 11 31 37 15 34 42 17 31 20
47 52 30 41 36 59 27 32 63 20 19 15 32 12 64 48 48 65 33 46 40 38 58 45 82 65 58 64 27 33 29 48 43 18 29 57 17 25 14 22 0 64 49 23 49 28 67 41 51 22 48 7 17 29 48 50 37 33 53 70 16 73 58 60 72 21 46 9 32 39 60 27 43 58 21 56 61 25 43 41
62 32 66 66 60 14 50 62 18 81 61 49 55 55 24 16 58 66 32 67 57 30 10 44 37 44 40 5 67 31 86 73 21 47 37 29 50 39 75 47 64 0 24 42 85 41 61 33 22 61 20 65 76 38 80 14 44 43 71 28 76 42 44 74 70 69 20 67 35 34 57 37 24 49 62 37 58 40 69 31
65 42 62 66 59 31 46 60 37 69 54 36 53 38 42 18 63 75 19 69 58 31 14 50 59 58 52 28 61 24 76 75 18 32 21 42 41 28 57 40 49 24 0 27 84 37 72 10 33 55 6 53 64 32 79 16 45 21 75 48 64 60 55 80 81 61 9 50 31 36 66 29 9 60 55 49 68 26 69 34
47 37 38 45 38 39 24 37 44 42 28 9 32 13 46 26 45 62 10 49 39 21 35 37 65 53 46 42 36 13 49 53 21 5 6 41 15 7 33 17 23 42 27 0 60 18 61 20 33 29 26 25 37 14 56 28 29 17 56 53 37 59 47 62 68 34 23 25 16 25 54 10 20 49 29 43 56 2 48 26
26 56 22 19 26 73 38 24 73 39 33 53 31 59 70 72 30 38 65 20 29 56 85 42 81 57 54 83 24 60 31 14 68 58 66 62 45 56 59 44 49 85 84 60 0 47 44 80 64 31 80 42 36 52 6 75 41 76 20 73 37 66 50 25 42 29 76 57 53 51 41 55 75 45 31 54 41 61 17 55
30 23 26 29 22 33 9 23 36 42 20 16 16 26 36 26 28 44 19 33 22 11 39 19 54 37 30 40 26 13 45 38 22 19 21 29 11 11 42 7 28 41 37 18 47 0 43 34 24 20 33 26 36 5 42 29 11 34 39 42 36 45 31 45 50 27 29 35 6 10 37 9 28 32 20 28 38 17 33 13
22 30 42 31 32 46 40 37 43 70 49 59 35 68 38 55 20 7 59 27 27 43 66 24 41 18 21 56 45 52 67 31 54 62 63 32 51 54 81 47 67 61 72 61 44 43 0 73 40 47 66 61 64 47 38 57 32 76 24 37 65 26 17 21 9 52 62 75 45 37 7 51 64 12 48 23 5 60 31 38
63 45 57 63 56 38 42 56 43 61 48 28 50 29 48 22 61 75 15 66 56 31 24 50 66 61 55 36 56 22 69 72 20 24 14 46 35 23 48 35 41 33 10 20 80 34 73 0 36 49 13 45 57 29 75 23 44 10 73 54 56 64 57 78 81 54 14 40 29 36 67 25 11 61 49 52 68 19 66 35
39 10 46 45 38 9 30 42 12 65 43 37 34 45 13 15 36 45 25 45 35 13 25 22 32 25 20 19 47 20 69 51 16 37 31 10 35 27 64 31 51 22 33 33 64 24 40 36 0 42 27 50 59 22 58 17 23 42 49 20 60 28 23 52 49 50 23 57 19 14 35 25 26 28 43 17 37 31 47 11
26 39 9 19 15 52 12 11 54 25 2 22 12 28 53 46 27 44 35 24 19 31 58 28 69 48 42 59 7 32 26 27 41 27 35 45 14 26 35 15 22 61 55 29 31 20 47 49 42 0 51 15 19 24 28 49 21 45 31 58 19 58 41 39 51 8 48 30 26 28 40 26 46 39 1 41 41 30 22 32
60 37 59 62 55 26 42 56 31 67 51 34 49 37 36 12 58 70 17 64 53 26 11 45 53 52 46 23 58 20 74 70 13 31 20 37 38 26 57 37 48 20 6 26 80 33 66 13 27 51 0 51 63 28 75 11 41 23 70 43 62 54 50 75 75 58 4 50 27 31 61 26 6 54 52 44 62 24 65 29
41 49 23 34 30 59 23 26 62 16 13 17 26 18 62 49 42 59 35 39 34 37 60 41 80 61 54 65 20 34 24 41 44 21 32 55 15 26 19 20 7 65 53 25 42 26 61 45 50 15 51 0 12 28 40 52 33 38 46 68 11 70 54 54 66 14 48 16 31 37 55 28 45 53 14 53 56 27 37 40
42 57 22 34 32 68 30 27 71 6 17 29 31 29 71 60 44 61 46 39 37 47 71 47 88 67 61 75 19 45 12 39 55 33 43 63 25 37 23 29 17 76 64 37 36 36 64 57 59 19 63 12 0 38 36 63 40 50 45 76 1 76 60 53 67 12 60 23 41 45 58 38 57 58 18 59 59 39 35 49
34 24 30 35 27 31 14 28 34 44 24 15 21 24 35 22 33 48 14 38 27 9 35 23 54 40 32 37 30 8 49 43 17 16 16 29 13 7 42 9 29 38 32 14 52 5 47 29 22 24 28 28 38 0 47 25 16 29 44 42 38 46 34 50 54 31 24 34 3 11 40 4 23 36 24 30 42 13 38 13
20 50 19 13 20 67 33 19 67 40 30 49 26 56 64 66 24 32 60 14 23 50 80 36 75 50 47 77 21 55 33 8 63 54 61 55 41 52 58 40 48 80 79 56 6 42 38 75 58 28 75 40 36 47 0 70 36 72 14 67 37 60 44 20 37 27 71 56 48 46 35 50 70 39 28 48 35 57 11 49
53 27 55 56 49 15 38 51 21 68 49 35 44 41 26 3 50 61 18 58 47 19 10 36 43 42 36 15 55 18 73 64 8 33 24 26 37 25 61 34 50 14 16 28 75 29 57 23 17 49 11 52 63 25 70 0 34 31 63 32 62 43 40 67 66 56 8 53 23 24 52 24 12 45 49 34 53 26 59 21
20 17 23 22 16 32 10 19 33 46 23 27 11 37 32 31 17 33 29 24 13 15 44 8 48 28 21 41 25 22 47 30 28 31 32 24 20 23 51 16 37 44 45 29 41 11 32 44 23 21 41 33 40 16 36 34 0 45 30 37 40 37 21 35 39 29 36 45 15 10 25 20 36 21 22 20 27 28 25 13
63 49 54 61 55 45 41 53 51 53 44 23 48 21 55 30 62 77 17 65 55 34 34 52 73 66 59 45 52 24 62 70 27 18 13 52 31 22 38 33 33 43 21 17 76 34 76 10 42 45 23 38 50 29 72 31 45 0 72 62 49 70 61 78 83 49 23 31 30 38 69 25 19 64 45 56 71 17 64 38
10 40 24 12 18 58 31 21 57 50 34 51 24 59 53 60 13 18 58 7 17 45 73 27 62 37 35 68 27 51 45 7 58 55 60 45 42 50 65 39 53 71 75 56 20 39 24 73 49 31 70 46 45 44 14 63 30 72 0 55 46 47 32 8 23 34 66 62 44 39 21 48 66 26 32 36 21 55 10 42
47 20 60 55 50 17 47 55 12 83 60 57 48 65 7 32 43 44 45 53 45 32 37 32 12 19 20 23 61 40 84 59 35 57 51 13 53 47 84 49 70 28 48 53 73 42 37 54 20 58 43 68 76 42 67 32 37 62 55 0 77 14 23 55 46 66 40 76 39 32 35 44 44 29 59 19 36 51 56 29
43 57 23 35 33 68 30 28 71 6 18 28 31 28 71 60 45 62 46 40 38 47 71 48 88 68 61 75 20 45 13 40 55 32 43 64 25 37 21 29 16 76 64 37 37 36 65 56 60 19 62 11 1 38 37 62 40 49 46 77 0 77 60 54 68 13 59 22 41 46 59 38 56 58 18 60 60 38 37 49
40 22 57 49 47 29 47 51 24 83 59 61 46 70 18 42 37 33 53 47 41 38 50 29 16 10 16 37 59 47 82 52 44 63 59 18 56 53 87 51 73 42 60 59 66 45 26 64 28 58 54 70 76 46 60 43 37 70 47 14 77 0 17 45 34 65 51 80 43 35 26 50 54 21 59 17 26 57 50 34
24 13 40 33 30 29 31 34 27 66 43 48 29 57 22 38 21 22 44 30 24 27 48 13 31 7 4 39 42 37 65 36 38 50 49 15 41 41 72 36 58 44 55 47 50 31 17 57 23 41 50 54 60 34 44 40 21 61 32 23 60 17 0 32 26 48 46 65 31 23 13 38 48 6 42 6 14 46 34 23
15 42 31 20 25 60 38 28 59 58 41 57 30 66 54 64 17 13 63 14 23 49 77 30 61 36 36 70 34 56 52 14 62 62 66 46 49 56 73 46 60 74 80 62 25 45 21 78 52 39 75 54 53 50 20 67 35 78 8 55 54 45 32 0 17 42 71 69 49 44 20 54 71 26 40 37 19 62 17 46
25 39 45 33 36 56 46 40 53 73 53 65 40 75 47 64 24 7 67 28 32 51 75 32 49 27 30 65 48 60 68 30 63 69 71 41 57 62 85 53 72 70 81 68 42 50 9 81 49 51 75 66 67 54 37 66 39 83 23 46 68 34 26 17 0 55 71 80 53 46 14 59 72 21 52 33 13 67 32 47
30 46 10 22 20 59 20 15 62 18 7 26 19 30 61 53 32 49 41 28 25 38 65 35 77 55 49 67 7 38 18 28 48 31 40 53 20 32 32 21 21 69 61 34 29 27 52 54 50 8 58 14 12 31 27 56 29 49 34 66 13 65 48 42 55 0 54 29 33 36 46 32 52 46 7 48 47 35 24 40
56 33 55 58 51 23 38 52 29 65 47 31 45 36 34 9 54 66 14 60 49 22 12 40 51 49 43 22 54 16 71 66 9 28 18 33 35 22 56 33 46 20 9 23 76 29 62 14 23 48 4 48 60 24 71 8 36 23 66 40 59 51 46 71 71 54 0 48 23 27 57 22 4 50 48 40 58 21 61 25
55 58 38 49 45 64 35 41 68 24 28 19 40 12 69 51 56 73 35 55 48 44 60 53 88 72 65 68 35 37 34 57 46 20 30 63 24 29 8 29 9 67 50 25 57 35 75 40 57 30 50 16 23 34 56 53 45 31 62 76 22 80 65 69 80 29 48 0 37 45 68 32 44 66 29 63 70 27 52 47
34 21 32 35 28 27 15 29 31 47 26 18 22 27 32 20 32 47 14 38 27 6 33 21 51 37 30 34 32 7 51 43 16 19 18 26 16 9 45 12 32 35 31 16 53 6 45 29 19 26 27 31 41 3 48 23 15 30 44 39 41 43 31 49 53 33 23 37 0 9 39 6 22 34 26 27 40 15 38 10
29 13 32 32 26 23 16 28 26 52 29 26 21 35 25 21 27 40 21 34 23 5 34 14 43 28 21 32 33 14 54 40 18 28 26 18 22 18 52 17 39 34 36 25 51 10 37 36 14 28 31 37 45 11 46 24 10 38 39 32 46 35 23 44 46 36 27 45 9 0 31 15 27 25 29 19 33 23 35 4
17 25 36 26 26 42 33 31 40 64 42 52 28 62 35 49 14 9 52 22 21 36 61 18 41 17 17 52 39 45 61 27 48 56 57 28 45 48 74 40 60 57 66 54 41 37 7 67 35 40 61 55 58 40 35 52 25 69 21 35 59 26 13 20 14 46 57 68 39 31 0 45 58 7 41 19 1 53 26 32
38 27 33 38 31 32 17 31 36 44 25 13 25 21 37 21 37 52 10 41 31 12 33 27 56 43 36 37 32 6 49 47 16 13 12 32 13 3 40 11 27 37 29 10 55 9 51 25 25 26 26 28 38 4 50 24 20 25 48 44 38 50 38 54 59 32 22 32 6 15 45 0 20 40 26 34 46 9 41 16
56 35 53 57 50 27 37 51 32 62 45 28 44 32 37 12 54 67 11 60 49 22 16 41 55 51 45 26 53 15 68 66 10 25 14 36 33 20 52 31 43 24 9 20 75 28 64 11 26 46 6 45 57 23 70 12 36 19 66 44 56 54 48 71 72 52 4 44 22 27 58 20 0 52 46 42 59 18 60 26
19 18 37 28 26 35 30 31 33 64 41 48 27 58 28 42 16 16 47 25 21 30 54 13 36 11 10 45 39 40 62 31 42 51 51 21 41 43 72 37 58 49 60 49 45 32 12 61 28 39 54 53 58 36 39 45 21 64 26 29 58 21 6 26 21 46 50 66 34 25 7 40 52 0 40 12 8 48 29 26
27 39 9 20 16 52 13 12 55 24 1 22 13 28 54 46 28 45 36 25 20 31 59 29 70 49 43 60 7 32 25 28 42 27 35 46 14 26 34 15 21 62 55 29 31 20 48 49 43 1 52 14 18 24 28 49 22 45 32 59 18 59 42 40 52 7 48 29 26 29 41 26 46 40 0 42 42 30 23 33
28 7 41 35 31 23 30 36 21 66 42 44 30 54 17 32 24 28 39 34 26 22 42 13 29 10 3 33 43 32 66 40 32 46 44 9 39 37 70 34 56 37 49 43 54 28 23 52 17 41 44 53 59 30 48 34 20 56 36 19 60 17 6 37 33 48 40 63 27 19 19 34 42 12 42 0 20 42 37 18
17 26 37 27 27 43 35 32 41 65 43 54 30 63 36 51 15 8 54 23 22 38 62 19 42 17 18 53 40 47 62 27 50 57 58 29 46 49 75 42 61 58 68 56 41 38 5 68 37 41 62 56 59 42 35 53 27 71 21 36 60 26 14 19 13 47 58 70 40 33 1 46 59 8 42 20 0 55 27 34
46 35 38 45 38 37 24 37 41 44 29 10 32 15 44 24 45 61 8 49 39 20 33 36 63 52 44 40 37 11 51 53 19 7 5 39 16 6 35 17 25 40 26 2 61 17 60 19 31 30 24 27 39 13 57 26 28 17 55 51 38 57 46 62 67 35 21 27 15 23 53 9 18 48 30 42 55 0 48 24
10 39 14 3 10 56 24 11 56 41 24 42 16 50 53 56 13 26 51 4 12 40 69 25 65 40 37 66 17 45 36 5 53 47 53 45 34 43 56 31 43 69 69 48 17 33 31 66 47 22 65 37 35 38 11 59 25 64 10 56 37 50 34 17 32 24 61 52 38 35 26 41 60 29 23 37 27 48 0 38
32 11 36 36 29 20 20 32 22 55 33 28 24 37 22 18 29 41 21 37 26 4 31 16 41 28 21 28 37 14 58 43 16 29 26 16 25 19 55 20 41 31 34 26 55 13 38 35 11 32 29 40 49 13 49 21 13 38 42 29 49 34 23 46 47 40 25 47 10 4 32 16 26 26 33 18 34 24 38 0
Cost:  3216
Route:  0  67  22  62  43  37  7  35  34  38  3  13  60  40  45  8  55  70  57  28  61  24  29  21  27  58  44  16  79  10  54  39  47  49  46  30  6  25  76  77  18  78  56  2  73  71  23  72  69  48  33  15  17  59  12  63  75  51  41  66  31  26  53  64  68  14  36  9  1  74  5  11  4  32  20  50  65  52  19  42  