30
0 1945 0
1799 1808 4
656 670 3
743 753 2
418 425 10
235 255 10
957 971 7
572 581 3
1218 1224 4
112 125 2
875 888 9
1723 1731 5
1630 1643 3
398 408 4
1429 1443 1
180 201 9
800 810 2
497 512 5
1336 1348 7
269 285 10
1201 1214 5
11 25 10
1842 1851 8
1474 1480 1
855 867 6
296 302 7
1029 1036 7
1318 1332 7
1573 1583 6
1106 1116 5
0 58 17 95 47 63 74 5 2 97 27 35 34 45 99 11 21 57 23 70 1 6 66 58 77 25 26 62 84 16
23 0 32 39 55 38 4 44 25 9 91 90 3 97 84 45 99 61 85 52 11 86 37 88 7 16 47 7 59 74
71 49 0 82 18 64 15 74 95 81 37 70 4 50 37 91 44 57 44 17 24 19 92 18 64 6 99 9 7 34
42 47 58 0 90 36 45 90 68 77 30 22 78 1 25 53 56 74 9 24 80 63 52 26 4 19 53 34 82 49
48 62 31 3 0 16 96 84 77 65 16 94 59 22 94 46 74 71 62 78 95 37 41 20 37 54 67 14 25 75
21 69 43 64 7 0 23 25 36 93 35 34 25 1 88 51 31 91 84 22 63 63 78 54 93 1 64 19 50 79
73 32 16 34 76 85 0 90 6 77 34 2 27 89 18 75 1 35 34 9 83 72 83 88 79 81 66 32 96 35
26 47 82 59 94 55 51 0 99 74 46 34 87 84 80 30 30 53 28 92 23 38 99 7 28 76 54 27 51 42
26 54 6 46 82 3 4 80 0 7 6 6 5 55 91 74 74 97 22 32 77 48 47 37 80 13 45 98 32 57
44 12 34 38 55 43 29 27 85 0 57 81 5 38 22 66 95 62 77 78 25 41 40 92 88 60 67 8 49 11
33 50 10 95 98 76 71 98 70 63 0 70 16 5 85 77 60 12 38 53 31 44 68 53 84 71 9 30 91 30
63 69 66 39 94 59 83 44 17 90 76 0 64 93 39 13 70 28 17 86 65 73 89 34 14 87 1 70 40 52
65 14 88 62 33 45 76 16 4 6 21 89 0 50 21 78 62 63 58 1 84 51 88 54 73 24 18 26 96 36
6 52 38 16 15 74 35 28 20 89 51 14 64 0 62 39 45 2 94 15 22 96 3 32 96 65 93 47 57 47
29 54 69 38 69 3 6 81 55 69 84 76 22 86 0 42 52 28 40 59 87 14 30 37 3 51 46 25 81 78
55 45 30 68 89 44 42 29 25 93 95 67 56 75 22 0 47 58 44 11 42 89 4 70 16 10 6 97 64 59
64 34 5 93 31 72 26 26 87 30 50 85 78 80 30 65 0 27 42 68 67 39 12 54 50 9 64 60 10 76
36 41 72 41 30 86 79 65 76 1 54 7 39 7 64 96 60 0 27 52 59 38 43 85 4 51 23 86 97 20
51 77 99 17 17 46 30 46 49 13 6 9 71 92 89 53 85 12 0 29 46 87 36 60 24 99 64 42 46 80
70 85 82 64 54 31 40 89 25 11 5 52 90 90 43 93 65 62 88 0 24 29 85 97 80 11 63 99 17 62
50 51 60 77 3 47 61 17 6 54 57 72 88 74 14 47 5 3 10 81 0 73 80 57 87 75 47 83 93 57
40 79 84 71 52 11 96 45 3 96 20 6 28 12 22 2 66 58 79 89 3 0 59 59 76 12 13 87 7 8
90 89 97 94 97 8 3 62 64 30 47 22 22 43 73 57 30 55 16 84 20 46 0 24 18 3 78 37 93 21
76 21 82 85 78 58 97 69 75 73 52 58 89 22 39 29 57 55 49 21 69 65 41 0 8 3 33 83 98 65
26 52 34 63 41 24 69 46 73 6 13 45 70 83 36 11 27 39 86 29 71 8 29 48 0 69 35 13 37 67
59 83 55 21 21 22 30 52 2 28 27 13 12 90 42 32 64 87 37 85 15 62 76 72 42 0 24 14 84 41
43 7 73 66 28 6 7 62 20 3 75 95 5 27 75 18 31 75 22 98 55 28 12 67 22 50 0 32 2 74
63 10 77 33 46 80 90 38 98 52 94 35 54 21 62 50 31 54 10 40 71 94 8 53 98 1 71 0 24 61
26 22 29 76 1 76 85 24 80 44 60 90 50 7 8 99 27 86 56 82 28 75 41 67 11 32 87 98 0 75
91 68 99 58 4 4 40 79 39 83 76 20 83 97 80 17 94 25 89 31 88 97 83 50 61 36 8 55 39 0
0 19 35 19 8 45 35 26 35 42 21 41 11 13 17 24 38 45 29 40 36 36 20 29 31 13 27 42 22 6
19 0 30 1 22 30 16 24 53 30 12 28 8 24 7 31 57 55 37 57 45 49 30 16 13 28 40 24 15 13
35 30 0 31 43 24 38 9 66 59 18 56 33 25 37 20 66 79 63 56 70 71 24 16 28 48 31 33 15 31
19 1 31 0 22 31 16 25 52 29 13 27 8 25 6 32 56 54 36 57 43 48 31 18 14 27 40 25 17 13
8 22 43 22 0 51 37 35 31 38 28 38 14 22 18 32 36 36 21 42 28 28 28 36 36 6 34 46 30 13
45 30 24 31 51 0 25 28 80 49 25 45 37 42 36 41 82 85 66 77 74 79 44 16 18 57 53 13 24 39
35 16 38 16 37 25 0 35 68 23 24 20 24 40 19 46 72 64 46 74 53 60 46 22 10 42 55 13 26 29
26 24 9 25 35 28 35 0 57 54 12 52 26 17 30 14 58 71 55 49 62 63 17 14 26 40 25 33 9 23
35 53 66 52 31 80 68 57 0 66 55 67 45 40 49 48 8 32 33 29 33 22 43 63 66 26 41 77 56 41
42 30 59 29 38 49 23 54 66 0 42 4 32 52 26 61 72 51 36 81 41 51 59 43 33 42 68 36 45 38
21 12 18 13 28 25 24 12 55 42 0 39 16 19 19 22 58 64 46 54 54 56 23 8 15 34 32 25 3 15
41 28 56 27 38 45 20 52 67 4 39 0 31 51 25 59 73 54 38 80 43 53 58 40 30 42 66 33 43 37
11 8 33 8 14 37 24 26 45 32 16 31 0 20 6 29 49 48 30 51 38 42 27 22 21 20 36 32 18 6
13 24 25 25 22 42 40 17 40 52 19 51 20 0 26 11 41 57 42 35 49 47 7 26 33 25 16 43 18 14
17 7 37 6 18 36 19 30 49 26 19 25 6 26 0 35 54 48 30 57 38 43 33 24 19 23 42 29 22 13
24 31 20 32 32 41 46 14 48 61 22 59 29 11 35 0 47 67 53 36 60 58 5 27 37 36 12 46 20 24
38 57 66 56 36 82 72 58 8 72 58 73 49 41 54 47 0 40 40 22 41 30 42 66 69 31 39 80 58 44
45 55 79 54 36 85 64 71 32 51 64 54 48 57 48 67 40 0 18 60 11 11 62 71 67 31 65 77 66 49
29 37 63 36 21 66 46 55 33 36 46 38 30 42 30 53 40 18 0 55 8 16 49 53 49 17 53 58 49 32
40 57 56 57 42 77 74 49 29 81 54 80 51 35 57 36 22 60 55 0 58 49 32 61 68 40 25 78 53 45
36 45 70 43 28 74 53 62 33 41 54 43 38 49 38 60 41 11 8 58 0 12 55 60 57 24 59 66 56 39
36 49 71 48 28 79 60 63 22 51 56 53 42 47 43 58 30 11 16 49 12 0 52 64 62 23 55 72 58 41
20 30 24 31 28 44 46 17 43 59 23 58 27 7 33 5 42 62 49 32 55 52 0 29 38 31 9 47 21 21
29 16 16 18 36 16 22 14 63 43 8 40 22 26 24 27 66 71 53 61 60 64 29 0 12 41 38 19 8 23
31 13 28 14 36 18 10 26 66 33 15 30 21 33 19 37 69 67 49 68 57 62 38 12 0 41 47 11 17 25
13 28 48 27 6 57 42 40 26 42 34 42 20 25 23 36 31 31 17 40 24 23 31 41 41 0 36 52 35 18
27 40 31 40 34 53 55 25 41 68 32 66 36 16 42 12 39 65 53 25 59 55 9 38 47 36 0 57 30 29
42 24 33 25 46 13 13 33 77 36 25 33 32 43 29 46 80 77 58 78 66 72 47 19 11 52 57 0 26 36
22 15 15 17 30 24 26 9 56 45 3 43 18 18 22 20 58 66 49 53 56 58 21 8 17 35 30 26 0 17
6 13 31 13 13 39 29 23 41 38 15 37 6 14 13 24 44 49 32 45 39 41 21 23 25 18 29 36 17 0
Cost:  1144
Route:  0  21  9  15  5  19  25  13  4  17  7  2  3  16  24  10  6  26  29  20  8  27  18  14  23  28  12  11  1  22  